edge_index,roi_i_0based,roi_j_0based,roi_i_1based,roi_j_1based,mean_signed_coef,mean_abs_coef,median_abs_coef,rank_mean_abs,roi_i_name,roi_j_name
0,0,1,1,2,0.02000033770198633,0.02000033770198633,0.02000033770198633,4163,Precentral_L,Precentral_R
1,0,2,1,3,0.00044768150818565866,0.00044768150818565866,0.00044768150818565866,6516,Precentral_L,Frontal_Sup_L
2,0,3,1,4,0.000611607941261589,0.000611607941261589,0.000611607941261589,5745,Precentral_L,Frontal_Sup_R
3,0,4,1,5,0.10278883440788866,0.10278883440788866,0.10278883440788866,1202,Precentral_L,Frontal_Sup_Orb_L
4,0,5,1,6,-0.050179679050459496,0.050179679050459496,0.050179679050459496,2584,Precentral_L,Frontal_Sup_Orb_R
5,0,6,1,7,0.00048047965751056197,0.00048047965751056197,0.00048047965751056197,6231,Precentral_L,Frontal_Mid_L
6,0,7,1,8,0.00033298429536573245,0.00033298429536573245,0.00033298429536573245,6580,Precentral_L,Frontal_Mid_R
7,0,8,1,9,0.16248807560061976,0.16248807560061976,0.16248807560061976,515,Precentral_L,Frontal_Mid_Orb_L
8,0,9,1,10,0.014541257362772978,0.014541257362772978,0.014541257362772978,4510,Precentral_L,Frontal_Mid_Orb_R
9,0,10,1,11,0.00047349575417846305,0.00047349575417846305,0.00047349575417846305,6321,Precentral_L,Frontal_Inf_Oper_L
10,0,11,1,12,0.08584051244910156,0.08584051244910156,0.08584051244910156,1525,Precentral_L,Frontal_Inf_Oper_R
11,0,12,1,13,0.11742507884209447,0.11742507884209447,0.11742507884209447,971,Precentral_L,Frontal_Inf_Tri_L
12,0,13,1,14,0.07492823561922607,0.07492823561922607,0.07492823561922607,1781,Precentral_L,Frontal_Inf_Tri_R
13,0,14,1,15,-0.05089804527740999,0.05089804527740999,0.05089804527740999,2551,Precentral_L,Frontal_Inf_Orb_L
14,0,15,1,16,0.031335837949395776,0.031335837949395776,0.031335837949395776,3470,Precentral_L,Frontal_Inf_Orb_R
15,0,16,1,17,-0.031492643784136264,0.031492643784136264,0.031492643784136264,3462,Precentral_L,Rolandic_Oper_L
16,0,17,1,18,-0.007965559219238874,0.007965559219238874,0.007965559219238874,4994,Precentral_L,Rolandic_Oper_R
17,0,18,1,19,0.007359035743296273,0.007359035743296273,0.007359035743296273,5029,Precentral_L,Supp_Motor_Area_L
18,0,19,1,20,0.00634575449553484,0.00634575449553484,0.00634575449553484,5092,Precentral_L,Supp_Motor_Area_R
19,0,20,1,21,0.008457501647234217,0.008457501647234217,0.008457501647234217,4952,Precentral_L,Olfactory_L
20,0,21,1,22,-0.0009536147336094578,0.0009536147336094578,0.0009536147336094578,5508,Precentral_L,Olfactory_R
21,0,22,1,23,-0.023937702676275624,0.023937702676275624,0.023937702676275624,3910,Precentral_L,Frontal_Sup_Medial_L
22,0,23,1,24,-0.007895513785187498,0.007895513785187498,0.007895513785187498,4997,Precentral_L,Frontal_Sup_Medial_R
23,0,24,1,25,-0.050921746322485084,0.050921746322485084,0.050921746322485084,2550,Precentral_L,Frontal_Med_Orb_L
24,0,25,1,26,0.02588658660057549,0.02588658660057549,0.02588658660057549,3796,Precentral_L,Frontal_Med_Orb_R
25,0,26,1,27,-0.005446194506927577,0.005446194506927577,0.005446194506927577,5160,Precentral_L,Rectus_L
26,0,27,1,28,0.024648377897736037,0.024648377897736037,0.024648377897736037,3863,Precentral_L,Rectus_R
27,0,28,1,29,0.02316759392036873,0.02316759392036873,0.02316759392036873,3962,Precentral_L,Insula_L
28,0,29,1,30,-0.05070516591155697,0.05070516591155697,0.05070516591155697,2562,Precentral_L,Insula_R
29,0,30,1,31,-0.0019517445633491623,0.0019517445633491623,0.0019517445633491623,5430,Precentral_L,Cingulum_Ant_L
30,0,31,1,32,0.039473916215164745,0.039473916215164745,0.039473916215164745,3054,Precentral_L,Cingulum_Ant_R
31,0,32,1,33,-0.009324001054540142,0.009324001054540142,0.009324001054540142,4900,Precentral_L,Cingulum_Mid_L
32,0,33,1,34,-0.03429140367468361,0.03429140367468361,0.03429140367468361,3290,Precentral_L,Cingulum_Mid_R
33,0,34,1,35,-0.01261107091824604,0.01261107091824604,0.01261107091824604,4664,Precentral_L,Cingulum_Post_L
34,0,35,1,36,-0.014341801512741049,0.014341801512741049,0.014341801512741049,4527,Precentral_L,Cingulum_Post_R
35,0,36,1,37,0.06793169152773774,0.06793169152773774,0.06793169152773774,1963,Precentral_L,Hippocampus_L
36,0,37,1,38,0.0657889936361946,0.0657889936361946,0.0657889936361946,2044,Precentral_L,Hippocampus_R
37,0,38,1,39,-0.014626648954048735,0.014626648954048735,0.014626648954048735,4501,Precentral_L,ParaHippocampal_L
38,0,39,1,40,0.03913661971415806,0.03913661971415806,0.03913661971415806,3072,Precentral_L,ParaHippocampal_R
39,0,40,1,41,-0.03218586091141537,0.03218586091141537,0.03218586091141537,3422,Precentral_L,Amygdala_L
40,0,41,1,42,0.009099228223794349,0.009099228223794349,0.009099228223794349,4911,Precentral_L,Amygdala_R
41,0,42,1,43,-0.03809331778871521,0.03809331778871521,0.03809331778871521,3115,Precentral_L,Calcarine_L
42,0,43,1,44,-0.013718754345545009,0.013718754345545009,0.013718754345545009,4585,Precentral_L,Calcarine_R
43,0,44,1,45,0.027369466126487704,0.027369466126487704,0.027369466126487704,3710,Precentral_L,Cuneus_L
44,0,45,1,46,0.003242336432608209,0.003242336432608209,0.003242336432608209,5336,Precentral_L,Cuneus_R
45,0,46,1,47,-0.018453855016381637,0.018453855016381637,0.018453855016381637,4255,Precentral_L,Lingual_L
46,0,47,1,48,0.016697549111529125,0.016697549111529125,0.016697549111529125,4358,Precentral_L,Lingual_R
47,0,48,1,49,0.025141990176902843,0.025141990176902843,0.025141990176902843,3841,Precentral_L,Occipital_Sup_L
48,0,49,1,50,-0.004604784248523547,0.004604784248523547,0.004604784248523547,5227,Precentral_L,Occipital_Sup_R
49,0,50,1,51,0.01916918187541134,0.01916918187541134,0.01916918187541134,4212,Precentral_L,Occipital_Mid_L
50,0,51,1,52,0.0039757243945927005,0.0039757243945927005,0.0039757243945927005,5278,Precentral_L,Occipital_Mid_R
51,0,52,1,53,0.051226302969980084,0.051226302969980084,0.051226302969980084,2537,Precentral_L,Occipital_Inf_L
52,0,53,1,54,0.012896127541518762,0.012896127541518762,0.012896127541518762,4637,Precentral_L,Occipital_Inf_R
53,0,54,1,55,-0.06616969118946782,0.06616969118946782,0.06616969118946782,2033,Precentral_L,Fusiform_L
54,0,55,1,56,-0.008082247094603862,0.008082247094603862,0.008082247094603862,4985,Precentral_L,Fusiform_R
55,0,56,1,57,0.005716546344614441,0.005716546344614441,0.005716546344614441,5135,Precentral_L,Postcentral_L
56,0,57,1,58,-0.0014602185646699962,0.0014602185646699962,0.0014602185646699962,5471,Precentral_L,Postcentral_R
57,0,58,1,59,0.0005462409468985344,0.0005462409468985344,0.0005462409468985344,5877,Precentral_L,Parietal_Sup_L
58,0,59,1,60,0.0005581211729554922,0.0005581211729554922,0.0005581211729554922,5843,Precentral_L,Parietal_Sup_R
59,0,60,1,61,0.25349476764388984,0.25349476764388984,0.25349476764388984,141,Precentral_L,Parietal_Inf_L
60,0,61,1,62,0.00048632295948402833,0.00048632295948402833,0.00048632295948402833,6182,Precentral_L,Parietal_Inf_R
61,0,62,1,63,0.0005363587072138464,0.0005363587072138464,0.0005363587072138464,5902,Precentral_L,SupraMarginal_L
62,0,63,1,64,0.11383717566643123,0.11383717566643123,0.11383717566643123,1024,Precentral_L,SupraMarginal_R
63,0,64,1,65,-0.036542202186324514,0.036542202186324514,0.036542202186324514,3179,Precentral_L,Angular_L
64,0,65,1,66,0.0008788430600176111,0.0008788430600176111,0.0008788430600176111,5534,Precentral_L,Angular_R
65,0,66,1,67,-0.007714067278341124,0.007714067278341124,0.007714067278341124,5006,Precentral_L,Precuneus_L
66,0,67,1,68,0.015848543617781933,0.015848543617781933,0.015848543617781933,4426,Precentral_L,Precuneus_R
67,0,68,1,69,-0.055622139230228865,0.055622139230228865,0.055622139230228865,2379,Precentral_L,Paracentral_Lobule_L
68,0,69,1,70,-0.06166934634000251,0.06166934634000251,0.06166934634000251,2172,Precentral_L,Paracentral_Lobule_R
69,0,70,1,71,-0.02252130431655041,0.02252130431655041,0.02252130431655041,4012,Precentral_L,Caudate_L
70,0,71,1,72,0.09779047595349208,0.09779047595349208,0.09779047595349208,1285,Precentral_L,Caudate_R
71,0,72,1,73,-0.11508108504893055,0.11508108504893055,0.11508108504893055,1006,Precentral_L,Putamen_L
72,0,73,1,74,-1.4162175333940345e-06,1.4162175333940345e-06,1.4162175333940345e-06,6670,Precentral_L,Putamen_R
73,0,74,1,75,-0.15099668624838272,0.15099668624838272,0.15099668624838272,614,Precentral_L,Pallidum_L
74,0,75,1,76,-0.029095072387484638,0.029095072387484638,0.029095072387484638,3610,Precentral_L,Pallidum_R
75,0,76,1,77,0.05803072596678901,0.05803072596678901,0.05803072596678901,2296,Precentral_L,Thalamus_L
76,0,77,1,78,0.09373165157129569,0.09373165157129569,0.09373165157129569,1369,Precentral_L,Thalamus_R
77,0,78,1,79,-0.025618527809911036,0.025618527809911036,0.025618527809911036,3812,Precentral_L,Heschl_L
78,0,79,1,80,0.004345453503456388,0.004345453503456388,0.004345453503456388,5244,Precentral_L,Heschl_R
79,0,80,1,81,-0.032287611155478624,0.032287611155478624,0.032287611155478624,3416,Precentral_L,Temporal_Sup_L
80,0,81,1,82,-0.02758786999549957,0.02758786999549957,0.02758786999549957,3696,Precentral_L,Temporal_Sup_R
81,0,82,1,83,-0.04475578913266075,0.04475578913266075,0.04475578913266075,2794,Precentral_L,Temporal_Pole_Sup_L
82,0,83,1,84,0.04285285104641629,0.04285285104641629,0.04285285104641629,2875,Precentral_L,Temporal_Pole_Sup_R
83,0,84,1,85,-0.003323721945043768,0.003323721945043768,0.003323721945043768,5330,Precentral_L,Temporal_Mid_L
84,0,85,1,86,0.0170526830502557,0.0170526830502557,0.0170526830502557,4332,Precentral_L,Temporal_Mid_R
85,0,86,1,87,-0.03346891697125828,0.03346891697125828,0.03346891697125828,3343,Precentral_L,Temporal_Pole_Mid_L
86,0,87,1,88,-0.04650679296620307,0.04650679296620307,0.04650679296620307,2729,Precentral_L,Temporal_Pole_Mid_R
87,0,88,1,89,0.06993730690460007,0.06993730690460007,0.06993730690460007,1907,Precentral_L,Temporal_Inf_L
88,0,89,1,90,0.07134255081131942,0.07134255081131942,0.07134255081131942,1864,Precentral_L,Temporal_Inf_R
89,0,90,1,91,0.05861247497133235,0.05861247497133235,0.05861247497133235,2271,Precentral_L,Cerebelum_Crus1_L
90,0,91,1,92,0.012506353761163604,0.012506353761163604,0.012506353761163604,4676,Precentral_L,Cerebelum_Crus1_R
91,0,92,1,93,-0.06775976733955659,0.06775976733955659,0.06775976733955659,1973,Precentral_L,Cerebelum_Crus2_L
92,0,93,1,94,0.05222904889843581,0.05222904889843581,0.05222904889843581,2498,Precentral_L,Cerebelum_Crus2_R
93,0,94,1,95,-0.017141295332053635,0.017141295332053635,0.017141295332053635,4325,Precentral_L,Cerebelum_3_L
94,0,95,1,96,-0.008193624786583927,0.008193624786583927,0.008193624786583927,4977,Precentral_L,Cerebelum_3_R
95,0,96,1,97,-0.015114582385547595,0.015114582385547595,0.015114582385547595,4473,Precentral_L,Cerebelum_4_5_L
96,0,97,1,98,-0.0036879278187477715,0.0036879278187477715,0.0036879278187477715,5300,Precentral_L,Cerebelum_4_5_R
97,0,98,1,99,-0.017097693111212706,0.017097693111212706,0.017097693111212706,4328,Precentral_L,Cerebelum_6_L
98,0,99,1,100,-0.10086329139490677,0.10086329139490677,0.10086329139490677,1228,Precentral_L,Cerebelum_6_R
99,0,100,1,101,0.06629516138185916,0.06629516138185916,0.06629516138185916,2027,Precentral_L,Cerebelum_7b_L
100,0,101,1,102,0.004041910922741043,0.004041910922741043,0.004041910922741043,5266,Precentral_L,Cerebelum_7b_R
101,0,102,1,103,-0.1440103560030639,0.1440103560030639,0.1440103560030639,683,Precentral_L,Cerebelum_8_L
102,0,103,1,104,0.039781467897329545,0.039781467897329545,0.039781467897329545,3043,Precentral_L,Cerebelum_8_R
103,0,104,1,105,-0.00748187895430705,0.00748187895430705,0.00748187895430705,5021,Precentral_L,Cerebelum_9_L
104,0,105,1,106,-0.01618477471004274,0.01618477471004274,0.01618477471004274,4399,Precentral_L,Cerebelum_9_R
105,0,106,1,107,-0.03919276024556887,0.03919276024556887,0.03919276024556887,3068,Precentral_L,Cerebelum_10_L
106,0,107,1,108,-0.0320559740535619,0.0320559740535619,0.0320559740535619,3430,Precentral_L,Cerebelum_10_R
107,0,108,1,109,-0.019295575578982208,0.019295575578982208,0.019295575578982208,4207,Precentral_L,Vermis_1_2
108,0,109,1,110,-0.012584819377746994,0.012584819377746994,0.012584819377746994,4665,Precentral_L,Vermis_3
109,0,110,1,111,0.012718402187882198,0.012718402187882198,0.012718402187882198,4653,Precentral_L,Vermis_4_5
110,0,111,1,112,0.000311897651933578,0.000311897651933578,0.000311897651933578,6626,Precentral_L,Vermis_6
111,0,112,1,113,0.029294580861780852,0.029294580861780852,0.029294580861780852,3601,Precentral_L,Vermis_7
112,0,113,1,114,0.01017216195193747,0.01017216195193747,0.01017216195193747,4842,Precentral_L,Vermis_8
113,0,114,1,115,-0.0022533903495918516,0.0022533903495918516,0.0022533903495918516,5401,Precentral_L,Vermis_9
114,0,115,1,116,-0.039485358468023986,0.039485358468023986,0.039485358468023986,3052,Precentral_L,Vermis_10
115,1,2,2,3,0.00047349197522320724,0.00047349197522320724,0.00047349197522320724,6322,Precentral_R,Frontal_Sup_L
116,1,3,2,4,0.0006130395373346979,0.0006130395373346979,0.0006130395373346979,5739,Precentral_R,Frontal_Sup_R
117,1,4,2,5,0.08978127732870042,0.08978127732870042,0.08978127732870042,1441,Precentral_R,Frontal_Sup_Orb_L
118,1,5,2,6,0.03658173815292222,0.03658173815292222,0.03658173815292222,3178,Precentral_R,Frontal_Sup_Orb_R
119,1,6,2,7,0.0004914641322294831,0.0004914641322294831,0.0004914641322294831,6146,Precentral_R,Frontal_Mid_L
120,1,7,2,8,0.0003296724381986442,0.0003296724381986442,0.0003296724381986442,6588,Precentral_R,Frontal_Mid_R
121,1,8,2,9,0.13816850326632765,0.13816850326632765,0.13816850326632765,749,Precentral_R,Frontal_Mid_Orb_L
122,1,9,2,10,0.05929597684003047,0.05929597684003047,0.05929597684003047,2251,Precentral_R,Frontal_Mid_Orb_R
123,1,10,2,11,0.0004866521382436605,0.0004866521382436605,0.0004866521382436605,6177,Precentral_R,Frontal_Inf_Oper_L
124,1,11,2,12,0.028421914341982192,0.028421914341982192,0.028421914341982192,3633,Precentral_R,Frontal_Inf_Oper_R
125,1,12,2,13,0.18373966703745914,0.18373966703745914,0.18373966703745914,388,Precentral_R,Frontal_Inf_Tri_L
126,1,13,2,14,0.13782319904981996,0.13782319904981996,0.13782319904981996,751,Precentral_R,Frontal_Inf_Tri_R
127,1,14,2,15,0.04527611286060965,0.04527611286060965,0.04527611286060965,2773,Precentral_R,Frontal_Inf_Orb_L
128,1,15,2,16,0.0025129837898300394,0.0025129837898300394,0.0025129837898300394,5387,Precentral_R,Frontal_Inf_Orb_R
129,1,16,2,17,0.0017863657355388551,0.0017863657355388551,0.0017863657355388551,5439,Precentral_R,Rolandic_Oper_L
130,1,17,2,18,0.008780417632967262,0.008780417632967262,0.008780417632967262,4930,Precentral_R,Rolandic_Oper_R
131,1,18,2,19,-0.017587061502576738,0.017587061502576738,0.017587061502576738,4306,Precentral_R,Supp_Motor_Area_L
132,1,19,2,20,0.02516740379162366,0.02516740379162366,0.02516740379162366,3836,Precentral_R,Supp_Motor_Area_R
133,1,20,2,21,0.0051894811229667255,0.0051894811229667255,0.0051894811229667255,5179,Precentral_R,Olfactory_L
134,1,21,2,22,-0.01825146707531311,0.01825146707531311,0.01825146707531311,4264,Precentral_R,Olfactory_R
135,1,22,2,23,0.00042784272553679725,0.00042784272553679725,0.00042784272553679725,6532,Precentral_R,Frontal_Sup_Medial_L
136,1,23,2,24,-0.00451305189059904,0.00451305189059904,0.00451305189059904,5233,Precentral_R,Frontal_Sup_Medial_R
137,1,24,2,25,-0.041575543111326885,0.041575543111326885,0.041575543111326885,2939,Precentral_R,Frontal_Med_Orb_L
138,1,25,2,26,-0.0026578027603788544,0.0026578027603788544,0.0026578027603788544,5379,Precentral_R,Frontal_Med_Orb_R
139,1,26,2,27,-0.024083549368249142,0.024083549368249142,0.024083549368249142,3902,Precentral_R,Rectus_L
140,1,27,2,28,0.014651188536507454,0.014651188536507454,0.014651188536507454,4500,Precentral_R,Rectus_R
141,1,28,2,29,0.037905236288772154,0.037905236288772154,0.037905236288772154,3121,Precentral_R,Insula_L
142,1,29,2,30,-0.08695073342477268,0.08695073342477268,0.08695073342477268,1503,Precentral_R,Insula_R
143,1,30,2,31,0.06433177707159345,0.06433177707159345,0.06433177707159345,2081,Precentral_R,Cingulum_Ant_L
144,1,31,2,32,-4.545662905265631e-05,4.545662905265631e-05,4.545662905265631e-05,6668,Precentral_R,Cingulum_Ant_R
145,1,32,2,33,0.034662061455573476,0.034662061455573476,0.034662061455573476,3273,Precentral_R,Cingulum_Mid_L
146,1,33,2,34,0.00479351265054861,0.00479351265054861,0.00479351265054861,5213,Precentral_R,Cingulum_Mid_R
147,1,34,2,35,0.07105276106027845,0.07105276106027845,0.07105276106027845,1873,Precentral_R,Cingulum_Post_L
148,1,35,2,36,0.03532968576095155,0.03532968576095155,0.03532968576095155,3235,Precentral_R,Cingulum_Post_R
149,1,36,2,37,0.046884950911788244,0.046884950911788244,0.046884950911788244,2714,Precentral_R,Hippocampus_L
150,1,37,2,38,0.06810044978944658,0.06810044978944658,0.06810044978944658,1954,Precentral_R,Hippocampus_R
151,1,38,2,39,0.016897292841213538,0.016897292841213538,0.016897292841213538,4344,Precentral_R,ParaHippocampal_L
152,1,39,2,40,0.05939822954211734,0.05939822954211734,0.05939822954211734,2247,Precentral_R,ParaHippocampal_R
153,1,40,2,41,-0.018515362651413604,0.018515362651413604,0.018515362651413604,4252,Precentral_R,Amygdala_L
154,1,41,2,42,0.0293848298680716,0.0293848298680716,0.0293848298680716,3598,Precentral_R,Amygdala_R
155,1,42,2,43,-0.043877013510658903,0.043877013510658903,0.043877013510658903,2833,Precentral_R,Calcarine_L
156,1,43,2,44,-0.03031233480569301,0.03031233480569301,0.03031233480569301,3542,Precentral_R,Calcarine_R
157,1,44,2,45,0.0037862416500239957,0.0037862416500239957,0.0037862416500239957,5294,Precentral_R,Cuneus_L
158,1,45,2,46,-0.06470641787958156,0.06470641787958156,0.06470641787958156,2068,Precentral_R,Cuneus_R
159,1,46,2,47,-0.068587387042871,0.068587387042871,0.068587387042871,1941,Precentral_R,Lingual_L
160,1,47,2,48,-0.038136666487210424,0.038136666487210424,0.038136666487210424,3113,Precentral_R,Lingual_R
161,1,48,2,49,0.008565848283564917,0.008565848283564917,0.008565848283564917,4941,Precentral_R,Occipital_Sup_L
162,1,49,2,50,-0.09982432904310785,0.09982432904310785,0.09982432904310785,1250,Precentral_R,Occipital_Sup_R
163,1,50,2,51,-0.01389637328600611,0.01389637328600611,0.01389637328600611,4562,Precentral_R,Occipital_Mid_L
164,1,51,2,52,-0.04796811459985452,0.04796811459985452,0.04796811459985452,2664,Precentral_R,Occipital_Mid_R
165,1,52,2,53,0.028998841921679973,0.028998841921679973,0.028998841921679973,3612,Precentral_R,Occipital_Inf_L
166,1,53,2,54,0.010618357998662398,0.010618357998662398,0.010618357998662398,4803,Precentral_R,Occipital_Inf_R
167,1,54,2,55,-0.08918601761789131,0.08918601761789131,0.08918601761789131,1452,Precentral_R,Fusiform_L
168,1,55,2,56,-0.07405120822658107,0.07405120822658107,0.07405120822658107,1800,Precentral_R,Fusiform_R
169,1,56,2,57,0.004249775401711065,0.004249775401711065,0.004249775401711065,5250,Precentral_R,Postcentral_L
170,1,57,2,58,-0.05510157254527495,0.05510157254527495,0.05510157254527495,2393,Precentral_R,Postcentral_R
171,1,58,2,59,0.0005119139461067475,0.0005119139461067475,0.0005119139461067475,6011,Precentral_R,Parietal_Sup_L
172,1,59,2,60,0.0005375911561882419,0.0005375911561882419,0.0005375911561882419,5898,Precentral_R,Parietal_Sup_R
173,1,60,2,61,0.15313556919324997,0.15313556919324997,0.15313556919324997,589,Precentral_R,Parietal_Inf_L
174,1,61,2,62,0.00048291976727796637,0.00048291976727796637,0.00048291976727796637,6206,Precentral_R,Parietal_Inf_R
175,1,62,2,63,0.0005260118702456654,0.0005260118702456654,0.0005260118702456654,5943,Precentral_R,SupraMarginal_L
176,1,63,2,64,-0.10590315210534369,0.10590315210534369,0.10590315210534369,1146,Precentral_R,SupraMarginal_R
177,1,64,2,65,0.1647045589003247,0.1647045589003247,0.1647045589003247,498,Precentral_R,Angular_L
178,1,65,2,66,0.0008780036170395445,0.0008780036170395445,0.0008780036170395445,5536,Precentral_R,Angular_R
179,1,66,2,67,0.00355287716644287,0.00355287716644287,0.00355287716644287,5314,Precentral_R,Precuneus_L
180,1,67,2,68,-0.012579644883770875,0.012579644883770875,0.012579644883770875,4666,Precentral_R,Precuneus_R
181,1,68,2,69,-0.05425835637654016,0.05425835637654016,0.05425835637654016,2425,Precentral_R,Paracentral_Lobule_L
182,1,69,2,70,-0.10711067235079876,0.10711067235079876,0.10711067235079876,1127,Precentral_R,Paracentral_Lobule_R
183,1,70,2,71,-0.05406800097951672,0.05406800097951672,0.05406800097951672,2430,Precentral_R,Caudate_L
184,1,71,2,72,0.08896681759392769,0.08896681759392769,0.08896681759392769,1462,Precentral_R,Caudate_R
185,1,72,2,73,-0.03409336569367175,0.03409336569367175,0.03409336569367175,3307,Precentral_R,Putamen_L
186,1,73,2,74,-0.002160511806791891,0.002160511806791891,0.002160511806791891,5410,Precentral_R,Putamen_R
187,1,74,2,75,-0.12428483148990511,0.12428483148990511,0.12428483148990511,885,Precentral_R,Pallidum_L
188,1,75,2,76,0.03990920873296113,0.03990920873296113,0.03990920873296113,3035,Precentral_R,Pallidum_R
189,1,76,2,77,-0.01344624428664567,0.01344624428664567,0.01344624428664567,4603,Precentral_R,Thalamus_L
190,1,77,2,78,-0.0020977556849422056,0.0020977556849422056,0.0020977556849422056,5416,Precentral_R,Thalamus_R
191,1,78,2,79,0.0039060166677209406,0.0039060166677209406,0.0039060166677209406,5283,Precentral_R,Heschl_L
192,1,79,2,80,0.02521942836292367,0.02521942836292367,0.02521942836292367,3833,Precentral_R,Heschl_R
193,1,80,2,81,0.015419444438891832,0.015419444438891832,0.015419444438891832,4454,Precentral_R,Temporal_Sup_L
194,1,81,2,82,0.03198045894053867,0.03198045894053867,0.03198045894053867,3435,Precentral_R,Temporal_Sup_R
195,1,82,2,83,-0.020946843458937003,0.020946843458937003,0.020946843458937003,4115,Precentral_R,Temporal_Pole_Sup_L
196,1,83,2,84,0.09470965572389557,0.09470965572389557,0.09470965572389557,1344,Precentral_R,Temporal_Pole_Sup_R
197,1,84,2,85,0.141651821213576,0.141651821213576,0.141651821213576,710,Precentral_R,Temporal_Mid_L
198,1,85,2,86,0.035769838898187155,0.035769838898187155,0.035769838898187155,3210,Precentral_R,Temporal_Mid_R
199,1,86,2,87,0.062466865053959576,0.062466865053959576,0.062466865053959576,2142,Precentral_R,Temporal_Pole_Mid_L
200,1,87,2,88,0.025400878312157482,0.025400878312157482,0.025400878312157482,3821,Precentral_R,Temporal_Pole_Mid_R
201,1,88,2,89,0.08993126124083396,0.08993126124083396,0.08993126124083396,1437,Precentral_R,Temporal_Inf_L
202,1,89,2,90,0.01512400643579027,0.01512400643579027,0.01512400643579027,4472,Precentral_R,Temporal_Inf_R
203,1,90,2,91,-0.025330578920582165,0.025330578920582165,0.025330578920582165,3825,Precentral_R,Cerebelum_Crus1_L
204,1,91,2,92,0.03952941374956702,0.03952941374956702,0.03952941374956702,3048,Precentral_R,Cerebelum_Crus1_R
205,1,92,2,93,-0.08117685986067213,0.08117685986067213,0.08117685986067213,1625,Precentral_R,Cerebelum_Crus2_L
206,1,93,2,94,0.0969962904608759,0.0969962904608759,0.0969962904608759,1301,Precentral_R,Cerebelum_Crus2_R
207,1,94,2,95,-0.01822744353608101,0.01822744353608101,0.01822744353608101,4265,Precentral_R,Cerebelum_3_L
208,1,95,2,96,-0.02888969285690972,0.02888969285690972,0.02888969285690972,3616,Precentral_R,Cerebelum_3_R
209,1,96,2,97,0.04932886433836622,0.04932886433836622,0.04932886433836622,2611,Precentral_R,Cerebelum_4_5_L
210,1,97,2,98,0.02602782793012561,0.02602782793012561,0.02602782793012561,3790,Precentral_R,Cerebelum_4_5_R
211,1,98,2,99,-0.1411996481845831,0.1411996481845831,0.1411996481845831,716,Precentral_R,Cerebelum_6_L
212,1,99,2,100,-0.032223936189983,0.032223936189983,0.032223936189983,3421,Precentral_R,Cerebelum_6_R
213,1,100,2,101,-0.09122134456460176,0.09122134456460176,0.09122134456460176,1420,Precentral_R,Cerebelum_7b_L
214,1,101,2,102,-0.015781644602871934,0.015781644602871934,0.015781644602871934,4432,Precentral_R,Cerebelum_7b_R
215,1,102,2,103,-0.17908624963045608,0.17908624963045608,0.17908624963045608,411,Precentral_R,Cerebelum_8_L
216,1,103,2,104,-0.007599598806616913,0.007599598806616913,0.007599598806616913,5012,Precentral_R,Cerebelum_8_R
217,1,104,2,105,-0.051632505512183485,0.051632505512183485,0.051632505512183485,2520,Precentral_R,Cerebelum_9_L
218,1,105,2,106,0.04816011906163226,0.04816011906163226,0.04816011906163226,2654,Precentral_R,Cerebelum_9_R
219,1,106,2,107,-0.022473664503368566,0.022473664503368566,0.022473664503368566,4021,Precentral_R,Cerebelum_10_L
220,1,107,2,108,-0.020035456923119695,0.020035456923119695,0.020035456923119695,4162,Precentral_R,Cerebelum_10_R
221,1,108,2,109,0.004647846186055195,0.004647846186055195,0.004647846186055195,5223,Precentral_R,Vermis_1_2
222,1,109,2,110,-0.015672754686237994,0.015672754686237994,0.015672754686237994,4438,Precentral_R,Vermis_3
223,1,110,2,111,-0.01170635805972175,0.01170635805972175,0.01170635805972175,4735,Precentral_R,Vermis_4_5
224,1,111,2,112,0.03244547381916086,0.03244547381916086,0.03244547381916086,3406,Precentral_R,Vermis_6
225,1,112,2,113,0.03618504843933846,0.03618504843933846,0.03618504843933846,3196,Precentral_R,Vermis_7
226,1,113,2,114,0.0039472831772287865,0.0039472831772287865,0.0039472831772287865,5281,Precentral_R,Vermis_8
227,1,114,2,115,-0.0115299689311245,0.0115299689311245,0.0115299689311245,4750,Precentral_R,Vermis_9
228,1,115,2,116,-0.03193118042084034,0.03193118042084034,0.03193118042084034,3439,Precentral_R,Vermis_10
229,2,3,3,4,0.0007697646732472191,0.0007697646732472191,0.0007697646732472191,5637,Frontal_Sup_L,Frontal_Sup_R
230,2,4,3,5,0.0004699358211201353,0.0004699358211201353,0.0004699358211201353,6356,Frontal_Sup_L,Frontal_Sup_Orb_L
231,2,5,3,6,0.0004490936556254466,0.0004490936556254466,0.0004490936556254466,6511,Frontal_Sup_L,Frontal_Sup_Orb_R
232,2,6,3,7,0.00062987594122116,0.00062987594122116,0.00062987594122116,5684,Frontal_Sup_L,Frontal_Mid_L
233,2,7,3,8,0.0005551026523790202,0.0005551026523790202,0.0005551026523790202,5855,Frontal_Sup_L,Frontal_Mid_R
234,2,8,3,9,0.0004781223460190078,0.0004781223460190078,0.0004781223460190078,6271,Frontal_Sup_L,Frontal_Mid_Orb_L
235,2,9,3,10,0.0004694477912158132,0.0004694477912158132,0.0004694477912158132,6363,Frontal_Sup_L,Frontal_Mid_Orb_R
236,2,10,3,11,0.0006615392243128758,0.0006615392243128758,0.0006615392243128758,5660,Frontal_Sup_L,Frontal_Inf_Oper_L
237,2,11,3,12,0.00046735040430628615,0.00046735040430628615,0.00046735040430628615,6389,Frontal_Sup_L,Frontal_Inf_Oper_R
238,2,12,3,13,0.00047066413812235365,0.00047066413812235365,0.00047066413812235365,6350,Frontal_Sup_L,Frontal_Inf_Tri_L
239,2,13,3,14,0.00047253039133323814,0.00047253039133323814,0.00047253039133323814,6334,Frontal_Sup_L,Frontal_Inf_Tri_R
240,2,14,3,15,0.0004593397734065322,0.0004593397734065322,0.0004593397734065322,6459,Frontal_Sup_L,Frontal_Inf_Orb_L
241,2,15,3,16,0.0004806528546816448,0.0004806528546816448,0.0004806528546816448,6226,Frontal_Sup_L,Frontal_Inf_Orb_R
242,2,16,3,17,0.00046336985109648966,0.00046336985109648966,0.00046336985109648966,6424,Frontal_Sup_L,Rolandic_Oper_L
243,2,17,3,18,0.0004754350486264976,0.0004754350486264976,0.0004754350486264976,6302,Frontal_Sup_L,Rolandic_Oper_R
244,2,18,3,19,0.00044337842750152926,0.00044337842750152926,0.00044337842750152926,6523,Frontal_Sup_L,Supp_Motor_Area_L
245,2,19,3,20,0.0004433116885877502,0.0004433116885877502,0.0004433116885877502,6524,Frontal_Sup_L,Supp_Motor_Area_R
246,2,20,3,21,0.00044237658244737063,0.00044237658244737063,0.00044237658244737063,6525,Frontal_Sup_L,Olfactory_L
247,2,21,3,22,0.0004457838151720288,0.0004457838151720288,0.0004457838151720288,6520,Frontal_Sup_L,Olfactory_R
248,2,22,3,23,0.0004514296487473355,0.0004514296487473355,0.0004514296487473355,6503,Frontal_Sup_L,Frontal_Sup_Medial_L
249,2,23,3,24,0.0004641524675679719,0.0004641524675679719,0.0004641524675679719,6418,Frontal_Sup_L,Frontal_Sup_Medial_R
250,2,24,3,25,0.0004810187050728545,0.0004810187050728545,0.0004810187050728545,6219,Frontal_Sup_L,Frontal_Med_Orb_L
251,2,25,3,26,0.0004883866901201831,0.0004883866901201831,0.0004883866901201831,6161,Frontal_Sup_L,Frontal_Med_Orb_R
252,2,26,3,27,0.0004979372691477672,0.0004979372691477672,0.0004979372691477672,6100,Frontal_Sup_L,Rectus_L
253,2,27,3,28,0.0004929282246602196,0.0004929282246602196,0.0004929282246602196,6133,Frontal_Sup_L,Rectus_R
254,2,28,3,29,0.0004551877940896845,0.0004551877940896845,0.0004551877940896845,6489,Frontal_Sup_L,Insula_L
255,2,29,3,30,0.0004583503094697677,0.0004583503094697677,0.0004583503094697677,6468,Frontal_Sup_L,Insula_R
256,2,30,3,31,0.0004524072183359604,0.0004524072183359604,0.0004524072183359604,6500,Frontal_Sup_L,Cingulum_Ant_L
257,2,31,3,32,0.0004638802980616733,0.0004638802980616733,0.0004638802980616733,6420,Frontal_Sup_L,Cingulum_Ant_R
258,2,32,3,33,0.0004591640202347433,0.0004591640202347433,0.0004591640202347433,6462,Frontal_Sup_L,Cingulum_Mid_L
259,2,33,3,34,0.00045338123401021305,0.00045338123401021305,0.00045338123401021305,6495,Frontal_Sup_L,Cingulum_Mid_R
260,2,34,3,35,0.0004685264722849649,0.0004685264722849649,0.0004685264722849649,6372,Frontal_Sup_L,Cingulum_Post_L
261,2,35,3,36,0.0004573926568263331,0.0004573926568263331,0.0004573926568263331,6476,Frontal_Sup_L,Cingulum_Post_R
262,2,36,3,37,0.00046057069599510925,0.00046057069599510925,0.00046057069599510925,6448,Frontal_Sup_L,Hippocampus_L
263,2,37,3,38,0.0004676811368702995,0.0004676811368702995,0.0004676811368702995,6382,Frontal_Sup_L,Hippocampus_R
264,2,38,3,39,0.00047666494007916833,0.00047666494007916833,0.00047666494007916833,6284,Frontal_Sup_L,ParaHippocampal_L
265,2,39,3,40,0.0004873275194905532,0.0004873275194905532,0.0004873275194905532,6170,Frontal_Sup_L,ParaHippocampal_R
266,2,40,3,41,0.0004630846871014277,0.0004630846871014277,0.0004630846871014277,6428,Frontal_Sup_L,Amygdala_L
267,2,41,3,42,0.00045555547205040355,0.00045555547205040355,0.00045555547205040355,6486,Frontal_Sup_L,Amygdala_R
268,2,42,3,43,0.0004641475267960179,0.0004641475267960179,0.0004641475267960179,6419,Frontal_Sup_L,Calcarine_L
269,2,43,3,44,0.000458994829362823,0.000458994829362823,0.000458994829362823,6465,Frontal_Sup_L,Calcarine_R
270,2,44,3,45,0.0004644393217354994,0.0004644393217354994,0.0004644393217354994,6414,Frontal_Sup_L,Cuneus_L
271,2,45,3,46,0.00046971157967563685,0.00046971157967563685,0.00046971157967563685,6359,Frontal_Sup_L,Cuneus_R
272,2,46,3,47,0.0004652268535211015,0.0004652268535211015,0.0004652268535211015,6407,Frontal_Sup_L,Lingual_L
273,2,47,3,48,0.00046892605408742057,0.00046892605408742057,0.00046892605408742057,6367,Frontal_Sup_L,Lingual_R
274,2,48,3,49,0.00046596872565502786,0.00046596872565502786,0.00046596872565502786,6399,Frontal_Sup_L,Occipital_Sup_L
275,2,49,3,50,0.00046577648500345823,0.00046577648500345823,0.00046577648500345823,6402,Frontal_Sup_L,Occipital_Sup_R
276,2,50,3,51,0.0004723243575982535,0.0004723243575982535,0.0004723243575982535,6339,Frontal_Sup_L,Occipital_Mid_L
277,2,51,3,52,0.0004601540754919346,0.0004601540754919346,0.0004601540754919346,6453,Frontal_Sup_L,Occipital_Mid_R
278,2,52,3,53,0.00047496209904656793,0.00047496209904656793,0.00047496209904656793,6309,Frontal_Sup_L,Occipital_Inf_L
279,2,53,3,54,0.0004613267237664661,0.0004613267237664661,0.0004613267237664661,6438,Frontal_Sup_L,Occipital_Inf_R
280,2,54,3,55,0.0004788842500993515,0.0004788842500993515,0.0004788842500993515,6260,Frontal_Sup_L,Fusiform_L
281,2,55,3,56,0.00048694168216553653,0.00048694168216553653,0.00048694168216553653,6174,Frontal_Sup_L,Fusiform_R
282,2,56,3,57,0.0004724818220349482,0.0004724818220349482,0.0004724818220349482,6336,Frontal_Sup_L,Postcentral_L
283,2,57,3,58,0.00047826332336382187,0.00047826332336382187,0.00047826332336382187,6268,Frontal_Sup_L,Postcentral_R
284,2,58,3,59,0.0007162362332748717,0.0007162362332748717,0.0007162362332748717,5648,Frontal_Sup_L,Parietal_Sup_L
285,2,59,3,60,0.0007238385052636159,0.0007238385052636159,0.0007238385052636159,5646,Frontal_Sup_L,Parietal_Sup_R
286,2,60,3,61,0.00045689228037209135,0.00045689228037209135,0.00045689228037209135,6482,Frontal_Sup_L,Parietal_Inf_L
287,2,61,3,62,0.0006854734897758781,0.0006854734897758781,0.0006854734897758781,5652,Frontal_Sup_L,Parietal_Inf_R
288,2,62,3,63,0.0006691377262609231,0.0006691377262609231,0.0006691377262609231,5656,Frontal_Sup_L,SupraMarginal_L
289,2,63,3,64,0.0004625725672297688,0.0004625725672297688,0.0004625725672297688,6432,Frontal_Sup_L,SupraMarginal_R
290,2,64,3,65,0.0004749639511040637,0.0004749639511040637,0.0004749639511040637,6308,Frontal_Sup_L,Angular_L
291,2,65,3,66,0.0009772345819238375,0.0009772345819238375,0.0009772345819238375,5503,Frontal_Sup_L,Angular_R
292,2,66,3,67,0.0004572107425617284,0.0004572107425617284,0.0004572107425617284,6478,Frontal_Sup_L,Precuneus_L
293,2,67,3,68,0.0004619221614475377,0.0004619221614475377,0.0004619221614475377,6435,Frontal_Sup_L,Precuneus_R
294,2,68,3,69,0.00044209510535044716,0.00044209510535044716,0.00044209510535044716,6527,Frontal_Sup_L,Paracentral_Lobule_L
295,2,69,3,70,0.00046299843061408074,0.00046299843061408074,0.00046299843061408074,6429,Frontal_Sup_L,Paracentral_Lobule_R
296,2,70,3,71,0.0004493387534592358,0.0004493387534592358,0.0004493387534592358,6509,Frontal_Sup_L,Caudate_L
297,2,71,3,72,0.0004534404627153598,0.0004534404627153598,0.0004534404627153598,6494,Frontal_Sup_L,Caudate_R
298,2,72,3,73,0.00043309108230198226,0.00043309108230198226,0.00043309108230198226,6531,Frontal_Sup_L,Putamen_L
299,2,73,3,74,0.0004588487521071233,0.0004588487521071233,0.0004588487521071233,6466,Frontal_Sup_L,Putamen_R
300,2,74,3,75,0.0004552279879008277,0.0004552279879008277,0.0004552279879008277,6488,Frontal_Sup_L,Pallidum_L
301,2,75,3,76,0.0004447424957796952,0.0004447424957796952,0.0004447424957796952,6521,Frontal_Sup_L,Pallidum_R
302,2,76,3,77,0.0004753925987122567,0.0004753925987122567,0.0004753925987122567,6306,Frontal_Sup_L,Thalamus_L
303,2,77,3,78,0.0004760730408170862,0.0004760730408170862,0.0004760730408170862,6292,Frontal_Sup_L,Thalamus_R
304,2,78,3,79,0.00046772946262967964,0.00046772946262967964,0.00046772946262967964,6380,Frontal_Sup_L,Heschl_L
305,2,79,3,80,0.0004789807428031093,0.0004789807428031093,0.0004789807428031093,6258,Frontal_Sup_L,Heschl_R
306,2,80,3,81,0.00046649429902166254,0.00046649429902166254,0.00046649429902166254,6393,Frontal_Sup_L,Temporal_Sup_L
307,2,81,3,82,0.0004691053813233921,0.0004691053813233921,0.0004691053813233921,6365,Frontal_Sup_L,Temporal_Sup_R
308,2,82,3,83,0.0004583414981718791,0.0004583414981718791,0.0004583414981718791,6469,Frontal_Sup_L,Temporal_Pole_Sup_L
309,2,83,3,84,0.0004659418400863899,0.0004659418400863899,0.0004659418400863899,6401,Frontal_Sup_L,Temporal_Pole_Sup_R
310,2,84,3,85,0.0004741559140493669,0.0004741559140493669,0.0004741559140493669,6316,Frontal_Sup_L,Temporal_Mid_L
311,2,85,3,86,0.00047249374945619414,0.00047249374945619414,0.00047249374945619414,6335,Frontal_Sup_L,Temporal_Mid_R
312,2,86,3,87,0.00045312765933247555,0.00045312765933247555,0.00045312765933247555,6496,Frontal_Sup_L,Temporal_Pole_Mid_L
313,2,87,3,88,0.00048085409586366045,0.00048085409586366045,0.00048085409586366045,6222,Frontal_Sup_L,Temporal_Pole_Mid_R
314,2,88,3,89,0.00047054198812487196,0.00047054198812487196,0.00047054198812487196,6353,Frontal_Sup_L,Temporal_Inf_L
315,2,89,3,90,0.0004793953540283824,0.0004793953540283824,0.0004793953540283824,6249,Frontal_Sup_L,Temporal_Inf_R
316,2,90,3,91,0.00043578663561534895,0.00043578663561534895,0.00043578663561534895,6530,Frontal_Sup_L,Cerebelum_Crus1_L
317,2,91,3,92,0.00045088100123344285,0.00045088100123344285,0.00045088100123344285,6505,Frontal_Sup_L,Cerebelum_Crus1_R
318,2,92,3,93,0.00044774849100166954,0.00044774849100166954,0.00044774849100166954,6515,Frontal_Sup_L,Cerebelum_Crus2_L
319,2,93,3,94,0.0004620494817438427,0.0004620494817438427,0.0004620494817438427,6433,Frontal_Sup_L,Cerebelum_Crus2_R
320,2,94,3,95,0.0004491479067626037,0.0004491479067626037,0.0004491479067626037,6510,Frontal_Sup_L,Cerebelum_3_L
321,2,95,3,96,0.0004695232757022137,0.0004695232757022137,0.0004695232757022137,6360,Frontal_Sup_L,Cerebelum_3_R
322,2,96,3,97,0.0004472551082515571,0.0004472551082515571,0.0004472551082515571,6518,Frontal_Sup_L,Cerebelum_4_5_L
323,2,97,3,98,0.0004526677116042019,0.0004526677116042019,0.0004526677116042019,6498,Frontal_Sup_L,Cerebelum_4_5_R
324,2,98,3,99,0.0004601889091528408,0.0004601889091528408,0.0004601889091528408,6452,Frontal_Sup_L,Cerebelum_6_L
325,2,99,3,100,0.0004460491575295828,0.0004460491575295828,0.0004460491575295828,6519,Frontal_Sup_L,Cerebelum_6_R
326,2,100,3,101,0.00045542719580293035,0.00045542719580293035,0.00045542719580293035,6487,Frontal_Sup_L,Cerebelum_7b_L
327,2,101,3,102,0.000447890722307971,0.000447890722307971,0.000447890722307971,6514,Frontal_Sup_L,Cerebelum_7b_R
328,2,102,3,103,0.0004595082734609986,0.0004595082734609986,0.0004595082734609986,6457,Frontal_Sup_L,Cerebelum_8_L
329,2,103,3,104,0.0004591567294544517,0.0004591567294544517,0.0004591567294544517,6463,Frontal_Sup_L,Cerebelum_8_R
330,2,104,3,105,0.00046465526030229303,0.00046465526030229303,0.00046465526030229303,6412,Frontal_Sup_L,Cerebelum_9_L
331,2,105,3,106,0.0004808220453085596,0.0004808220453085596,0.0004808220453085596,6224,Frontal_Sup_L,Cerebelum_9_R
332,2,106,3,107,0.00044959595972361905,0.00044959595972361905,0.00044959595972361905,6508,Frontal_Sup_L,Cerebelum_10_L
333,2,107,3,108,0.00046080832653346655,0.00046080832653346655,0.00046080832653346655,6445,Frontal_Sup_L,Cerebelum_10_R
334,2,108,3,109,0.000457881112836816,0.000457881112836816,0.000457881112836816,6472,Frontal_Sup_L,Vermis_1_2
335,2,109,3,110,0.00044745734357200755,0.00044745734357200755,0.00044745734357200755,6517,Frontal_Sup_L,Vermis_3
336,2,110,3,111,0.0004637551121154766,0.0004637551121154766,0.0004637551121154766,6422,Frontal_Sup_L,Vermis_4_5
337,2,111,3,112,0.0004591312131931178,0.0004591312131931178,0.0004591312131931178,6464,Frontal_Sup_L,Vermis_6
338,2,112,3,113,0.00045845397228150926,0.00045845397228150926,0.00045845397228150926,6467,Frontal_Sup_L,Vermis_7
339,2,113,3,114,0.0004414076521427728,0.0004414076521427728,0.0004414076521427728,6528,Frontal_Sup_L,Vermis_8
340,2,114,3,115,0.00047255175574574976,0.00047255175574574976,0.00047255175574574976,6332,Frontal_Sup_L,Vermis_9
341,2,115,3,116,0.0004656254175658726,0.0004656254175658726,0.0004656254175658726,6406,Frontal_Sup_L,Vermis_10
342,3,4,4,5,0.0006298482090405089,0.0006298482090405089,0.0006298482090405089,5685,Frontal_Sup_R,Frontal_Sup_Orb_L
343,3,5,4,6,0.0005987988739276804,0.0005987988739276804,0.0005987988739276804,5770,Frontal_Sup_R,Frontal_Sup_Orb_R
344,3,6,4,7,0.0007882924002172794,0.0007882924002172794,0.0007882924002172794,5631,Frontal_Sup_R,Frontal_Mid_L
345,3,7,4,8,0.0006799507048670507,0.0006799507048670507,0.0006799507048670507,5653,Frontal_Sup_R,Frontal_Mid_R
346,3,8,4,9,0.0006308520534905481,0.0006308520534905481,0.0006308520534905481,5679,Frontal_Sup_R,Frontal_Mid_Orb_L
347,3,9,4,10,0.0006418541957052624,0.0006418541957052624,0.0006418541957052624,5666,Frontal_Sup_R,Frontal_Mid_Orb_R
348,3,10,4,11,0.0007843585471978117,0.0007843585471978117,0.0007843585471978117,5633,Frontal_Sup_R,Frontal_Inf_Oper_L
349,3,11,4,12,0.0006245837571967411,0.0006245837571967411,0.0006245837571967411,5703,Frontal_Sup_R,Frontal_Inf_Oper_R
350,3,12,4,13,0.0006236725083977845,0.0006236725083977845,0.0006236725083977845,5706,Frontal_Sup_R,Frontal_Inf_Tri_L
351,3,13,4,14,0.0006340657113836398,0.0006340657113836398,0.0006340657113836398,5675,Frontal_Sup_R,Frontal_Inf_Tri_R
352,3,14,4,15,0.0006364820272024955,0.0006364820272024955,0.0006364820272024955,5670,Frontal_Sup_R,Frontal_Inf_Orb_L
353,3,15,4,16,0.0006416867979850178,0.0006416867979850178,0.0006416867979850178,5667,Frontal_Sup_R,Frontal_Inf_Orb_R
354,3,16,4,17,0.0006191620878095462,0.0006191620878095462,0.0006191620878095462,5722,Frontal_Sup_R,Rolandic_Oper_L
355,3,17,4,18,0.0006163555165464065,0.0006163555165464065,0.0006163555165464065,5729,Frontal_Sup_R,Rolandic_Oper_R
356,3,18,4,19,0.000613371770316435,0.000613371770316435,0.000613371770316435,5737,Frontal_Sup_R,Supp_Motor_Area_L
357,3,19,4,20,0.00061049334841019,0.00061049334841019,0.00061049334841019,5747,Frontal_Sup_R,Supp_Motor_Area_R
358,3,20,4,21,0.0006155019982111783,0.0006155019982111783,0.0006155019982111783,5734,Frontal_Sup_R,Olfactory_L
359,3,21,4,22,0.0005936058524697189,0.0005936058524697189,0.0005936058524697189,5776,Frontal_Sup_R,Olfactory_R
360,3,22,4,23,0.0006248588763550918,0.0006248588763550918,0.0006248588763550918,5699,Frontal_Sup_R,Frontal_Sup_Medial_L
361,3,23,4,24,0.000618236879928205,0.000618236879928205,0.000618236879928205,5725,Frontal_Sup_R,Frontal_Sup_Medial_R
362,3,24,4,25,0.000597769253367984,0.000597769253367984,0.000597769253367984,5771,Frontal_Sup_R,Frontal_Med_Orb_L
363,3,25,4,26,0.0006028811781761645,0.0006028811781761645,0.0006028811781761645,5764,Frontal_Sup_R,Frontal_Med_Orb_R
364,3,26,4,27,0.0006163293002971396,0.0006163293002971396,0.0006163293002971396,5730,Frontal_Sup_R,Rectus_L
365,3,27,4,28,0.0006096726304178316,0.0006096726304178316,0.0006096726304178316,5750,Frontal_Sup_R,Rectus_R
366,3,28,4,29,0.0006302025948340054,0.0006302025948340054,0.0006302025948340054,5682,Frontal_Sup_R,Insula_L
367,3,29,4,30,0.0006249931101893494,0.0006249931101893494,0.0006249931101893494,5695,Frontal_Sup_R,Insula_R
368,3,30,4,31,0.0006335925624282116,0.0006335925624282116,0.0006335925624282116,5676,Frontal_Sup_R,Cingulum_Ant_L
369,3,31,4,32,0.0006342724924853036,0.0006342724924853036,0.0006342724924853036,5674,Frontal_Sup_R,Cingulum_Ant_R
370,3,32,4,33,0.0006403313591583861,0.0006403313591583861,0.0006403313591583861,5668,Frontal_Sup_R,Cingulum_Mid_L
371,3,33,4,34,0.0006374068510203253,0.0006374068510203253,0.0006374068510203253,5669,Frontal_Sup_R,Cingulum_Mid_R
372,3,34,4,35,0.0006122420769792048,0.0006122420769792048,0.0006122420769792048,5743,Frontal_Sup_R,Cingulum_Post_L
373,3,35,4,36,0.0006056012965279516,0.0006056012965279516,0.0006056012965279516,5759,Frontal_Sup_R,Cingulum_Post_R
374,3,36,4,37,0.0006129844753767775,0.0006129844753767775,0.0006129844753767775,5740,Frontal_Sup_R,Hippocampus_L
375,3,37,4,38,0.0006118406251051272,0.0006118406251051272,0.0006118406251051272,5744,Frontal_Sup_R,Hippocampus_R
376,3,38,4,39,0.0006358548462621108,0.0006358548462621108,0.0006358548462621108,5671,Frontal_Sup_R,ParaHippocampal_L
377,3,39,4,40,0.0006230796915607742,0.0006230796915607742,0.0006230796915607742,5709,Frontal_Sup_R,ParaHippocampal_R
378,3,40,4,41,0.0006322207654786197,0.0006322207654786197,0.0006322207654786197,5678,Frontal_Sup_R,Amygdala_L
379,3,41,4,42,0.0006203682972359324,0.0006203682972359324,0.0006203682972359324,5716,Frontal_Sup_R,Amygdala_R
380,3,42,4,43,0.0006130710636335602,0.0006130710636335602,0.0006130710636335602,5738,Frontal_Sup_R,Calcarine_L
381,3,43,4,44,0.0005998600400308097,0.0005998600400308097,0.0005998600400308097,5767,Frontal_Sup_R,Calcarine_R
382,3,44,4,45,0.0006148624948476604,0.0006148624948476604,0.0006148624948476604,5735,Frontal_Sup_R,Cuneus_L
383,3,45,4,46,0.0006107360717032277,0.0006107360717032277,0.0006107360717032277,5746,Frontal_Sup_R,Cuneus_R
384,3,46,4,47,0.0006092268455880304,0.0006092268455880304,0.0006092268455880304,5751,Frontal_Sup_R,Lingual_L
385,3,47,4,48,0.0006082965185538393,0.0006082965185538393,0.0006082965185538393,5754,Frontal_Sup_R,Lingual_R
386,3,48,4,49,0.0006075115527336825,0.0006075115527336825,0.0006075115527336825,5756,Frontal_Sup_R,Occipital_Sup_L
387,3,49,4,50,0.0006052854056525273,0.0006052854056525273,0.0006052854056525273,5760,Frontal_Sup_R,Occipital_Sup_R
388,3,50,4,51,0.0006225427593120835,0.0006225427593120835,0.0006225427593120835,5711,Frontal_Sup_R,Occipital_Mid_L
389,3,51,4,52,0.0005976918215727517,0.0005976918215727517,0.0005976918215727517,5772,Frontal_Sup_R,Occipital_Mid_R
390,3,52,4,53,0.0006246148121447439,0.0006246148121447439,0.0006246148121447439,5702,Frontal_Sup_R,Occipital_Inf_L
391,3,53,4,54,0.0006040217756868794,0.0006040217756868794,0.0006040217756868794,5761,Frontal_Sup_R,Occipital_Inf_R
392,3,54,4,55,0.0006244075208662343,0.0006244075208662343,0.0006244075208662343,5704,Frontal_Sup_R,Fusiform_L
393,3,55,4,56,0.0006162054746919676,0.0006162054746919676,0.0006162054746919676,5732,Frontal_Sup_R,Fusiform_R
394,3,56,4,57,0.000610286569231863,0.000610286569231863,0.000610286569231863,5748,Frontal_Sup_R,Postcentral_L
395,3,57,4,58,0.0006006973075577873,0.0006006973075577873,0.0006006973075577873,5765,Frontal_Sup_R,Postcentral_R
396,3,58,4,59,0.0007983048042416313,0.0007983048042416313,0.0007983048042416313,5628,Frontal_Sup_R,Parietal_Sup_L
397,3,59,4,60,0.0008302744918317985,0.0008302744918317985,0.0008302744918317985,5624,Frontal_Sup_R,Parietal_Sup_R
398,3,60,4,61,0.0006226987895346901,0.0006226987895346901,0.0006226987895346901,5710,Frontal_Sup_R,Parietal_Inf_L
399,3,61,4,62,0.0007923208800703267,0.0007923208800703267,0.0007923208800703267,5629,Frontal_Sup_R,Parietal_Inf_R
400,3,62,4,63,0.000807374083559625,0.000807374083559625,0.000807374083559625,5627,Frontal_Sup_R,SupraMarginal_L
401,3,63,4,64,0.0006289738687566782,0.0006289738687566782,0.0006289738687566782,5689,Frontal_Sup_R,SupraMarginal_R
402,3,64,4,65,0.0006081317515138471,0.0006081317515138471,0.0006081317515138471,5755,Frontal_Sup_R,Angular_L
403,3,65,4,66,0.0010249109176773208,0.0010249109176773208,0.0010249109176773208,5499,Frontal_Sup_R,Angular_R
404,3,66,4,67,0.0006288386323631939,0.0006288386323631939,0.0006288386323631939,5690,Frontal_Sup_R,Precuneus_L
405,3,67,4,68,0.0006060668580988352,0.0006060668580988352,0.0006060668580988352,5758,Frontal_Sup_R,Precuneus_R
406,3,68,4,69,0.0005952655273502897,0.0005952655273502897,0.0005952655273502897,5774,Frontal_Sup_R,Paracentral_Lobule_L
407,3,69,4,70,0.0006083959745731757,0.0006083959745731757,0.0006083959745731757,5753,Frontal_Sup_R,Paracentral_Lobule_R
408,3,70,4,71,0.0006129392465875334,0.0006129392465875334,0.0006129392465875334,5742,Frontal_Sup_R,Caudate_L
409,3,71,4,72,0.0006129796978838228,0.0006129796978838228,0.0006129796978838228,5741,Frontal_Sup_R,Caudate_R
410,3,72,4,73,0.0006232131933503035,0.0006232131933503035,0.0006232131933503035,5708,Frontal_Sup_R,Putamen_L
411,3,73,4,74,0.0006446869807924382,0.0006446869807924382,0.0006446869807924382,5664,Frontal_Sup_R,Putamen_R
412,3,74,4,75,0.0006142867122895556,0.0006142867122895556,0.0006142867122895556,5736,Frontal_Sup_R,Pallidum_L
413,3,75,4,76,0.0006101664943632892,0.0006101664943632892,0.0006101664943632892,5749,Frontal_Sup_R,Pallidum_R
414,3,76,4,77,0.0006330977367447568,0.0006330977367447568,0.0006330977367447568,5677,Frontal_Sup_R,Thalamus_L
415,3,77,4,78,0.0006253736436397636,0.0006253736436397636,0.0006253736436397636,5694,Frontal_Sup_R,Thalamus_R
416,3,78,4,79,0.0006246752450037539,0.0006246752450037539,0.0006246752450037539,5701,Frontal_Sup_R,Heschl_L
417,3,79,4,80,0.0006292146318715709,0.0006292146318715709,0.0006292146318715709,5687,Frontal_Sup_R,Heschl_R
418,3,80,4,81,0.0006347956512196665,0.0006347956512196665,0.0006347956512196665,5673,Frontal_Sup_R,Temporal_Sup_L
419,3,81,4,82,0.0006197401162807769,0.0006197401162807769,0.0006197401162807769,5718,Frontal_Sup_R,Temporal_Sup_R
420,3,82,4,83,0.0006193317571037444,0.0006193317571037444,0.0006193317571037444,5721,Frontal_Sup_R,Temporal_Pole_Sup_L
421,3,83,4,84,0.0006248900248322738,0.0006248900248322738,0.0006248900248322738,5698,Frontal_Sup_R,Temporal_Pole_Sup_R
422,3,84,4,85,0.0006249775365652817,0.0006249775365652817,0.0006249775365652817,5696,Frontal_Sup_R,Temporal_Mid_L
423,3,85,4,86,0.0006159818971949395,0.0006159818971949395,0.0006159818971949395,5733,Frontal_Sup_R,Temporal_Mid_R
424,3,86,4,87,0.0005995976890039633,0.0005995976890039633,0.0005995976890039633,5768,Frontal_Sup_R,Temporal_Pole_Mid_L
425,3,87,4,88,0.0006300392209105114,0.0006300392209105114,0.0006300392209105114,5683,Frontal_Sup_R,Temporal_Pole_Mid_R
426,3,88,4,89,0.0006193859802974711,0.0006193859802974711,0.0006193859802974711,5720,Frontal_Sup_R,Temporal_Inf_L
427,3,89,4,90,0.0006276306910113038,0.0006276306910113038,0.0006276306910113038,5692,Frontal_Sup_R,Temporal_Inf_R
428,3,90,4,91,0.0005975929768236986,0.0005975929768236986,0.0005975929768236986,5773,Frontal_Sup_R,Cerebelum_Crus1_L
429,3,91,4,92,0.0006236571167425702,0.0006236571167425702,0.0006236571167425702,5707,Frontal_Sup_R,Cerebelum_Crus1_R
430,3,92,4,93,0.0006207915027074588,0.0006207915027074588,0.0006207915027074588,5715,Frontal_Sup_R,Cerebelum_Crus2_L
431,3,93,4,94,0.0006195132605601386,0.0006195132605601386,0.0006195132605601386,5719,Frontal_Sup_R,Cerebelum_Crus2_R
432,3,94,4,95,0.0006208537243856228,0.0006208537243856228,0.0006208537243856228,5714,Frontal_Sup_R,Cerebelum_3_L
433,3,95,4,96,0.0006289886105408739,0.0006289886105408739,0.0006289886105408739,5688,Frontal_Sup_R,Cerebelum_3_R
434,3,96,4,97,0.00062823035797883,0.00062823035797883,0.00062823035797883,5691,Frontal_Sup_R,Cerebelum_4_5_L
435,3,97,4,98,0.0006303378621998042,0.0006303378621998042,0.0006303378621998042,5680,Frontal_Sup_R,Cerebelum_4_5_R
436,3,98,4,99,0.0006170412664031399,0.0006170412664031399,0.0006170412664031399,5726,Frontal_Sup_R,Cerebelum_6_L
437,3,99,4,100,0.0006214917024593215,0.0006214917024593215,0.0006214917024593215,5712,Frontal_Sup_R,Cerebelum_6_R
438,3,100,4,101,0.0006237616489429201,0.0006237616489429201,0.0006237616489429201,5705,Frontal_Sup_R,Cerebelum_7b_L
439,3,101,4,102,0.0006084546258797315,0.0006084546258797315,0.0006084546258797315,5752,Frontal_Sup_R,Cerebelum_7b_R
440,3,102,4,103,0.0006166627897262818,0.0006166627897262818,0.0006166627897262818,5727,Frontal_Sup_R,Cerebelum_8_L
441,3,103,4,104,0.0006275415498955786,0.0006275415498955786,0.0006275415498955786,5693,Frontal_Sup_R,Cerebelum_8_R
442,3,104,4,105,0.0006247517086539027,0.0006247517086539027,0.0006247517086539027,5700,Frontal_Sup_R,Cerebelum_9_L
443,3,105,4,106,0.0006185296237364638,0.0006185296237364638,0.0006185296237364638,5723,Frontal_Sup_R,Cerebelum_9_R
444,3,106,4,107,0.0006000514263818854,0.0006000514263818854,0.0006000514263818854,5766,Frontal_Sup_R,Cerebelum_10_L
445,3,107,4,108,0.0006438879549039761,0.0006438879549039761,0.0006438879549039761,5665,Frontal_Sup_R,Cerebelum_10_R
446,3,108,4,109,0.0006069739007087417,0.0006069739007087417,0.0006069739007087417,5757,Frontal_Sup_R,Vermis_1_2
447,3,109,4,110,0.0006164350801680032,0.0006164350801680032,0.0006164350801680032,5728,Frontal_Sup_R,Vermis_3
448,3,110,4,111,0.000629570201562389,0.000629570201562389,0.000629570201562389,5686,Frontal_Sup_R,Vermis_4_5
449,3,111,4,112,0.0006249596853818688,0.0006249596853818688,0.0006249596853818688,5697,Frontal_Sup_R,Vermis_6
450,3,112,4,113,0.000618458206231788,0.000618458206231788,0.000618458206231788,5724,Frontal_Sup_R,Vermis_7
451,3,113,4,114,0.0005989909364626609,0.0005989909364626609,0.0005989909364626609,5769,Frontal_Sup_R,Vermis_8
452,3,114,4,115,0.0006162473346179386,0.0006162473346179386,0.0006162473346179386,5731,Frontal_Sup_R,Vermis_9
453,3,115,4,116,0.0006199817096698049,0.0006199817096698049,0.0006199817096698049,5717,Frontal_Sup_R,Vermis_10
454,4,5,5,6,-0.1753221020405727,0.1753221020405727,0.1753221020405727,437,Frontal_Sup_Orb_L,Frontal_Sup_Orb_R
455,4,6,5,7,0.00046188059386991854,0.00046188059386991854,0.00046188059386991854,6436,Frontal_Sup_Orb_L,Frontal_Mid_L
456,4,7,5,8,0.00030981888907403565,0.00030981888907403565,0.00030981888907403565,6634,Frontal_Sup_Orb_L,Frontal_Mid_R
457,4,8,5,9,-0.03620298130291129,0.03620298130291129,0.03620298130291129,3193,Frontal_Sup_Orb_L,Frontal_Mid_Orb_L
458,4,9,5,10,-0.24103312936828275,0.24103312936828275,0.24103312936828275,184,Frontal_Sup_Orb_L,Frontal_Mid_Orb_R
459,4,10,5,11,0.00048534194421176436,0.00048534194421176436,0.00048534194421176436,6190,Frontal_Sup_Orb_L,Frontal_Inf_Oper_L
460,4,11,5,12,0.0009406955304168733,0.0009406955304168733,0.0009406955304168733,5510,Frontal_Sup_Orb_L,Frontal_Inf_Oper_R
461,4,12,5,13,0.06835958630471085,0.06835958630471085,0.06835958630471085,1948,Frontal_Sup_Orb_L,Frontal_Inf_Tri_L
462,4,13,5,14,-0.004661970834264867,0.004661970834264867,0.004661970834264867,5222,Frontal_Sup_Orb_L,Frontal_Inf_Tri_R
463,4,14,5,15,0.10970708319426009,0.10970708319426009,0.10970708319426009,1089,Frontal_Sup_Orb_L,Frontal_Inf_Orb_L
464,4,15,5,16,-0.030365084575381368,0.030365084575381368,0.030365084575381368,3538,Frontal_Sup_Orb_L,Frontal_Inf_Orb_R
465,4,16,5,17,-0.07727408490146671,0.07727408490146671,0.07727408490146671,1726,Frontal_Sup_Orb_L,Rolandic_Oper_L
466,4,17,5,18,-0.004695559825919451,0.004695559825919451,0.004695559825919451,5219,Frontal_Sup_Orb_L,Rolandic_Oper_R
467,4,18,5,19,0.08120770155485883,0.08120770155485883,0.08120770155485883,1624,Frontal_Sup_Orb_L,Supp_Motor_Area_L
468,4,19,5,20,0.012296331122011643,0.012296331122011643,0.012296331122011643,4693,Frontal_Sup_Orb_L,Supp_Motor_Area_R
469,4,20,5,21,0.012891389466159605,0.012891389466159605,0.012891389466159605,4638,Frontal_Sup_Orb_L,Olfactory_L
470,4,21,5,22,-0.050300910969359916,0.050300910969359916,0.050300910969359916,2574,Frontal_Sup_Orb_L,Olfactory_R
471,4,22,5,23,-0.014711984002685108,0.014711984002685108,0.014711984002685108,4494,Frontal_Sup_Orb_L,Frontal_Sup_Medial_L
472,4,23,5,24,-0.10724736861384722,0.10724736861384722,0.10724736861384722,1121,Frontal_Sup_Orb_L,Frontal_Sup_Medial_R
473,4,24,5,25,-0.2049360655713903,0.2049360655713903,0.2049360655713903,288,Frontal_Sup_Orb_L,Frontal_Med_Orb_L
474,4,25,5,26,0.16303654741250537,0.16303654741250537,0.16303654741250537,513,Frontal_Sup_Orb_L,Frontal_Med_Orb_R
475,4,26,5,27,0.08665731451718957,0.08665731451718957,0.08665731451718957,1513,Frontal_Sup_Orb_L,Rectus_L
476,4,27,5,28,-0.14295264070580543,0.14295264070580543,0.14295264070580543,700,Frontal_Sup_Orb_L,Rectus_R
477,4,28,5,29,-0.01048900224339805,0.01048900224339805,0.01048900224339805,4811,Frontal_Sup_Orb_L,Insula_L
478,4,29,5,30,-0.12676773110799805,0.12676773110799805,0.12676773110799805,858,Frontal_Sup_Orb_L,Insula_R
479,4,30,5,31,-0.1930657227278249,0.1930657227278249,0.1930657227278249,336,Frontal_Sup_Orb_L,Cingulum_Ant_L
480,4,31,5,32,-0.3348931647646478,0.3348931647646478,0.3348931647646478,41,Frontal_Sup_Orb_L,Cingulum_Ant_R
481,4,32,5,33,-0.047060661443233634,0.047060661443233634,0.047060661443233634,2701,Frontal_Sup_Orb_L,Cingulum_Mid_L
482,4,33,5,34,-0.04144084375777631,0.04144084375777631,0.04144084375777631,2946,Frontal_Sup_Orb_L,Cingulum_Mid_R
483,4,34,5,35,-0.02204789145683623,0.02204789145683623,0.02204789145683623,4045,Frontal_Sup_Orb_L,Cingulum_Post_L
484,4,35,5,36,-0.12197971132433583,0.12197971132433583,0.12197971132433583,913,Frontal_Sup_Orb_L,Cingulum_Post_R
485,4,36,5,37,-0.18899619057003073,0.18899619057003073,0.18899619057003073,370,Frontal_Sup_Orb_L,Hippocampus_L
486,4,37,5,38,-0.2922656269055767,0.2922656269055767,0.2922656269055767,83,Frontal_Sup_Orb_L,Hippocampus_R
487,4,38,5,39,-0.14057086925069598,0.14057086925069598,0.14057086925069598,724,Frontal_Sup_Orb_L,ParaHippocampal_L
488,4,39,5,40,-0.07037747660132791,0.07037747660132791,0.07037747660132791,1893,Frontal_Sup_Orb_L,ParaHippocampal_R
489,4,40,5,41,0.043932214268755085,0.043932214268755085,0.043932214268755085,2831,Frontal_Sup_Orb_L,Amygdala_L
490,4,41,5,42,-0.015574667400557709,0.015574667400557709,0.015574667400557709,4446,Frontal_Sup_Orb_L,Amygdala_R
491,4,42,5,43,0.0382747989323384,0.0382747989323384,0.0382747989323384,3106,Frontal_Sup_Orb_L,Calcarine_L
492,4,43,5,44,0.03528857986406649,0.03528857986406649,0.03528857986406649,3239,Frontal_Sup_Orb_L,Calcarine_R
493,4,44,5,45,-0.010796192473226858,0.010796192473226858,0.010796192473226858,4795,Frontal_Sup_Orb_L,Cuneus_L
494,4,45,5,46,0.04432483030249498,0.04432483030249498,0.04432483030249498,2811,Frontal_Sup_Orb_L,Cuneus_R
495,4,46,5,47,0.027959404642192702,0.027959404642192702,0.027959404642192702,3674,Frontal_Sup_Orb_L,Lingual_L
496,4,47,5,48,-0.021552726727955617,0.021552726727955617,0.021552726727955617,4084,Frontal_Sup_Orb_L,Lingual_R
497,4,48,5,49,0.009736235013520576,0.009736235013520576,0.009736235013520576,4867,Frontal_Sup_Orb_L,Occipital_Sup_L
498,4,49,5,50,0.005937253568074884,0.005937253568074884,0.005937253568074884,5123,Frontal_Sup_Orb_L,Occipital_Sup_R
499,4,50,5,51,0.04298951260543429,0.04298951260543429,0.04298951260543429,2868,Frontal_Sup_Orb_L,Occipital_Mid_L
500,4,51,5,52,0.043609124644817615,0.043609124644817615,0.043609124644817615,2849,Frontal_Sup_Orb_L,Occipital_Mid_R
501,4,52,5,53,0.08120772562668185,0.08120772562668185,0.08120772562668185,1623,Frontal_Sup_Orb_L,Occipital_Inf_L
502,4,53,5,54,0.10062645249912486,0.10062645249912486,0.10062645249912486,1230,Frontal_Sup_Orb_L,Occipital_Inf_R
503,4,54,5,55,0.09929428869208735,0.09929428869208735,0.09929428869208735,1258,Frontal_Sup_Orb_L,Fusiform_L
504,4,55,5,56,0.060278467443465225,0.060278467443465225,0.060278467443465225,2221,Frontal_Sup_Orb_L,Fusiform_R
505,4,56,5,57,0.007361901212916091,0.007361901212916091,0.007361901212916091,5027,Frontal_Sup_Orb_L,Postcentral_L
506,4,57,5,58,0.0003019456144204925,0.0003019456144204925,0.0003019456144204925,6644,Frontal_Sup_Orb_L,Postcentral_R
507,4,58,5,59,0.0005280436575925471,0.0005280436575925471,0.0005280436575925471,5932,Frontal_Sup_Orb_L,Parietal_Sup_L
508,4,59,5,60,0.0005471868757146631,0.0005471868757146631,0.0005471868757146631,5875,Frontal_Sup_Orb_L,Parietal_Sup_R
509,4,60,5,61,-0.25480996938154554,0.25480996938154554,0.25480996938154554,138,Frontal_Sup_Orb_L,Parietal_Inf_L
510,4,61,5,62,0.00047284569694382676,0.00047284569694382676,0.00047284569694382676,6328,Frontal_Sup_Orb_L,Parietal_Inf_R
511,4,62,5,63,0.0004845019351663481,0.0004845019351663481,0.0004845019351663481,6198,Frontal_Sup_Orb_L,SupraMarginal_L
512,4,63,5,64,-0.2894600386476901,0.2894600386476901,0.2894600386476901,89,Frontal_Sup_Orb_L,SupraMarginal_R
513,4,64,5,65,-0.1642999711919408,0.1642999711919408,0.1642999711919408,504,Frontal_Sup_Orb_L,Angular_L
514,4,65,5,66,0.0008503340686800518,0.0008503340686800518,0.0008503340686800518,5607,Frontal_Sup_Orb_L,Angular_R
515,4,66,5,67,-0.04536766377297775,0.04536766377297775,0.04536766377297775,2771,Frontal_Sup_Orb_L,Precuneus_L
516,4,67,5,68,-0.14882772964109287,0.14882772964109287,0.14882772964109287,632,Frontal_Sup_Orb_L,Precuneus_R
517,4,68,5,69,-0.0032736897100478146,0.0032736897100478146,0.0032736897100478146,5333,Frontal_Sup_Orb_L,Paracentral_Lobule_L
518,4,69,5,70,0.01953167922806384,0.01953167922806384,0.01953167922806384,4188,Frontal_Sup_Orb_L,Paracentral_Lobule_R
519,4,70,5,71,-0.04217161640384273,0.04217161640384273,0.04217161640384273,2904,Frontal_Sup_Orb_L,Caudate_L
520,4,71,5,72,-0.10098095084604984,0.10098095084604984,0.10098095084604984,1227,Frontal_Sup_Orb_L,Caudate_R
521,4,72,5,73,-0.04467961011839711,0.04467961011839711,0.04467961011839711,2798,Frontal_Sup_Orb_L,Putamen_L
522,4,73,5,74,-0.021962543651355467,0.021962543651355467,0.021962543651355467,4052,Frontal_Sup_Orb_L,Putamen_R
523,4,74,5,75,-0.001964444815827672,0.001964444815827672,0.001964444815827672,5428,Frontal_Sup_Orb_L,Pallidum_L
524,4,75,5,76,0.006339964592132011,0.006339964592132011,0.006339964592132011,5094,Frontal_Sup_Orb_L,Pallidum_R
525,4,76,5,77,0.2349261086166189,0.2349261086166189,0.2349261086166189,204,Frontal_Sup_Orb_L,Thalamus_L
526,4,77,5,78,0.06134417556290275,0.06134417556290275,0.06134417556290275,2190,Frontal_Sup_Orb_L,Thalamus_R
527,4,78,5,79,0.08835596477646203,0.08835596477646203,0.08835596477646203,1472,Frontal_Sup_Orb_L,Heschl_L
528,4,79,5,80,0.02062232843327241,0.02062232843327241,0.02062232843327241,4131,Frontal_Sup_Orb_L,Heschl_R
529,4,80,5,81,-0.2319970563949531,0.2319970563949531,0.2319970563949531,210,Frontal_Sup_Orb_L,Temporal_Sup_L
530,4,81,5,82,-0.17478178582692902,0.17478178582692902,0.17478178582692902,441,Frontal_Sup_Orb_L,Temporal_Sup_R
531,4,82,5,83,0.0992198517578001,0.0992198517578001,0.0992198517578001,1262,Frontal_Sup_Orb_L,Temporal_Pole_Sup_L
532,4,83,5,84,0.004930189810797467,0.004930189810797467,0.004930189810797467,5202,Frontal_Sup_Orb_L,Temporal_Pole_Sup_R
533,4,84,5,85,-0.030182658272315657,0.030182658272315657,0.030182658272315657,3550,Frontal_Sup_Orb_L,Temporal_Mid_L
534,4,85,5,86,-0.06990455468642832,0.06990455468642832,0.06990455468642832,1908,Frontal_Sup_Orb_L,Temporal_Mid_R
535,4,86,5,87,-0.15855157722027982,0.15855157722027982,0.15855157722027982,544,Frontal_Sup_Orb_L,Temporal_Pole_Mid_L
536,4,87,5,88,0.06465418575784264,0.06465418575784264,0.06465418575784264,2070,Frontal_Sup_Orb_L,Temporal_Pole_Mid_R
537,4,88,5,89,0.178320335256839,0.178320335256839,0.178320335256839,418,Frontal_Sup_Orb_L,Temporal_Inf_L
538,4,89,5,90,0.034196384287596734,0.034196384287596734,0.034196384287596734,3297,Frontal_Sup_Orb_L,Temporal_Inf_R
539,4,90,5,91,-0.1959109513016956,0.1959109513016956,0.1959109513016956,320,Frontal_Sup_Orb_L,Cerebelum_Crus1_L
540,4,91,5,92,-0.02258163821915857,0.02258163821915857,0.02258163821915857,4008,Frontal_Sup_Orb_L,Cerebelum_Crus1_R
541,4,92,5,93,-0.18840412317365013,0.18840412317365013,0.18840412317365013,372,Frontal_Sup_Orb_L,Cerebelum_Crus2_L
542,4,93,5,94,-0.04225962644405578,0.04225962644405578,0.04225962644405578,2901,Frontal_Sup_Orb_L,Cerebelum_Crus2_R
543,4,94,5,95,0.09613563955764093,0.09613563955764093,0.09613563955764093,1315,Frontal_Sup_Orb_L,Cerebelum_3_L
544,4,95,5,96,-0.3659781224168634,0.3659781224168634,0.3659781224168634,32,Frontal_Sup_Orb_L,Cerebelum_3_R
545,4,96,5,97,-0.1963342572880028,0.1963342572880028,0.1963342572880028,318,Frontal_Sup_Orb_L,Cerebelum_4_5_L
546,4,97,5,98,0.0062173759825139485,0.0062173759825139485,0.0062173759825139485,5103,Frontal_Sup_Orb_L,Cerebelum_4_5_R
547,4,98,5,99,0.05053872049553988,0.05053872049553988,0.05053872049553988,2567,Frontal_Sup_Orb_L,Cerebelum_6_L
548,4,99,5,100,-0.07323413265024377,0.07323413265024377,0.07323413265024377,1817,Frontal_Sup_Orb_L,Cerebelum_6_R
549,4,100,5,101,0.4202719259114884,0.4202719259114884,0.4202719259114884,21,Frontal_Sup_Orb_L,Cerebelum_7b_L
550,4,101,5,102,0.11493636614536461,0.11493636614536461,0.11493636614536461,1009,Frontal_Sup_Orb_L,Cerebelum_7b_R
551,4,102,5,103,0.07813882647687191,0.07813882647687191,0.07813882647687191,1699,Frontal_Sup_Orb_L,Cerebelum_8_L
552,4,103,5,104,-0.09305734072500292,0.09305734072500292,0.09305734072500292,1384,Frontal_Sup_Orb_L,Cerebelum_8_R
553,4,104,5,105,0.056915554326258416,0.056915554326258416,0.056915554326258416,2338,Frontal_Sup_Orb_L,Cerebelum_9_L
554,4,105,5,106,0.05794109466441017,0.05794109466441017,0.05794109466441017,2298,Frontal_Sup_Orb_L,Cerebelum_9_R
555,4,106,5,107,0.11043016070858494,0.11043016070858494,0.11043016070858494,1082,Frontal_Sup_Orb_L,Cerebelum_10_L
556,4,107,5,108,0.07895044219887724,0.07895044219887724,0.07895044219887724,1675,Frontal_Sup_Orb_L,Cerebelum_10_R
557,4,108,5,109,-0.08098905653472001,0.08098905653472001,0.08098905653472001,1631,Frontal_Sup_Orb_L,Vermis_1_2
558,4,109,5,110,-0.02998790626571757,0.02998790626571757,0.02998790626571757,3562,Frontal_Sup_Orb_L,Vermis_3
559,4,110,5,111,-0.07046595016765846,0.07046595016765846,0.07046595016765846,1892,Frontal_Sup_Orb_L,Vermis_4_5
560,4,111,5,112,-0.04793280081898288,0.04793280081898288,0.04793280081898288,2665,Frontal_Sup_Orb_L,Vermis_6
561,4,112,5,113,-0.02543553395889609,0.02543553395889609,0.02543553395889609,3820,Frontal_Sup_Orb_L,Vermis_7
562,4,113,5,114,0.10422556801695793,0.10422556801695793,0.10422556801695793,1170,Frontal_Sup_Orb_L,Vermis_8
563,4,114,5,115,0.0321479077219775,0.0321479077219775,0.0321479077219775,3424,Frontal_Sup_Orb_L,Vermis_9
564,4,115,5,116,-0.04992383009278965,0.04992383009278965,0.04992383009278965,2596,Frontal_Sup_Orb_L,Vermis_10
565,5,6,6,7,0.0004557363122247091,0.0004557363122247091,0.0004557363122247091,6484,Frontal_Sup_Orb_R,Frontal_Mid_L
566,5,7,6,8,0.000350612944171355,0.000350612944171355,0.000350612944171355,6545,Frontal_Sup_Orb_R,Frontal_Mid_R
567,5,8,6,9,-0.012536464077125194,0.012536464077125194,0.012536464077125194,4672,Frontal_Sup_Orb_R,Frontal_Mid_Orb_L
568,5,9,6,10,0.11560127740942078,0.11560127740942078,0.11560127740942078,1000,Frontal_Sup_Orb_R,Frontal_Mid_Orb_R
569,5,10,6,11,0.00045488276857191546,0.00045488276857191546,0.00045488276857191546,6491,Frontal_Sup_Orb_R,Frontal_Inf_Oper_L
570,5,11,6,12,-0.11298133060840747,0.11298133060840747,0.11298133060840747,1039,Frontal_Sup_Orb_R,Frontal_Inf_Oper_R
571,5,12,6,13,-0.02149819964028265,0.02149819964028265,0.02149819964028265,4086,Frontal_Sup_Orb_R,Frontal_Inf_Tri_L
572,5,13,6,14,0.0962722136804904,0.0962722136804904,0.0962722136804904,1312,Frontal_Sup_Orb_R,Frontal_Inf_Tri_R
573,5,14,6,15,0.12253245525605666,0.12253245525605666,0.12253245525605666,903,Frontal_Sup_Orb_R,Frontal_Inf_Orb_L
574,5,15,6,16,-0.035328064677114794,0.035328064677114794,0.035328064677114794,3236,Frontal_Sup_Orb_R,Frontal_Inf_Orb_R
575,5,16,6,17,-0.025559614770028903,0.025559614770028903,0.025559614770028903,3816,Frontal_Sup_Orb_R,Rolandic_Oper_L
576,5,17,6,18,0.016906211199850238,0.016906211199850238,0.016906211199850238,4342,Frontal_Sup_Orb_R,Rolandic_Oper_R
577,5,18,6,19,0.046806508767496556,0.046806508767496556,0.046806508767496556,2723,Frontal_Sup_Orb_R,Supp_Motor_Area_L
578,5,19,6,20,0.04087292618858594,0.04087292618858594,0.04087292618858594,2982,Frontal_Sup_Orb_R,Supp_Motor_Area_R
579,5,20,6,21,0.04178733378239764,0.04178733378239764,0.04178733378239764,2929,Frontal_Sup_Orb_R,Olfactory_L
580,5,21,6,22,-0.0057121249956523,0.0057121249956523,0.0057121249956523,5136,Frontal_Sup_Orb_R,Olfactory_R
581,5,22,6,23,0.023396220232189482,0.023396220232189482,0.023396220232189482,3943,Frontal_Sup_Orb_R,Frontal_Sup_Medial_L
582,5,23,6,24,0.0477094561547406,0.0477094561547406,0.0477094561547406,2675,Frontal_Sup_Orb_R,Frontal_Sup_Medial_R
583,5,24,6,25,-0.12975636742667707,0.12975636742667707,0.12975636742667707,825,Frontal_Sup_Orb_R,Frontal_Med_Orb_L
584,5,25,6,26,-0.1032118920153881,0.1032118920153881,0.1032118920153881,1192,Frontal_Sup_Orb_R,Frontal_Med_Orb_R
585,5,26,6,27,-0.17442476031176535,0.17442476031176535,0.17442476031176535,443,Frontal_Sup_Orb_R,Rectus_L
586,5,27,6,28,-0.08145508620700609,0.08145508620700609,0.08145508620700609,1620,Frontal_Sup_Orb_R,Rectus_R
587,5,28,6,29,0.028222636524418584,0.028222636524418584,0.028222636524418584,3654,Frontal_Sup_Orb_R,Insula_L
588,5,29,6,30,0.15639939166290426,0.15639939166290426,0.15639939166290426,557,Frontal_Sup_Orb_R,Insula_R
589,5,30,6,31,0.07096248380330915,0.07096248380330915,0.07096248380330915,1878,Frontal_Sup_Orb_R,Cingulum_Ant_L
590,5,31,6,32,0.16322961016429516,0.16322961016429516,0.16322961016429516,511,Frontal_Sup_Orb_R,Cingulum_Ant_R
591,5,32,6,33,0.0008908148127750058,0.0008908148127750058,0.0008908148127750058,5514,Frontal_Sup_Orb_R,Cingulum_Mid_L
592,5,33,6,34,0.06103681238275186,0.06103681238275186,0.06103681238275186,2199,Frontal_Sup_Orb_R,Cingulum_Mid_R
593,5,34,6,35,-0.11169817250268653,0.11169817250268653,0.11169817250268653,1062,Frontal_Sup_Orb_R,Cingulum_Post_L
594,5,35,6,36,-0.012038953860322462,0.012038953860322462,0.012038953860322462,4710,Frontal_Sup_Orb_R,Cingulum_Post_R
595,5,36,6,37,0.027234661583515674,0.027234661583515674,0.027234661583515674,3722,Frontal_Sup_Orb_R,Hippocampus_L
596,5,37,6,38,0.14069357726195078,0.14069357726195078,0.14069357726195078,723,Frontal_Sup_Orb_R,Hippocampus_R
597,5,38,6,39,0.11553587632209567,0.11553587632209567,0.11553587632209567,1002,Frontal_Sup_Orb_R,ParaHippocampal_L
598,5,39,6,40,0.06806527482317579,0.06806527482317579,0.06806527482317579,1955,Frontal_Sup_Orb_R,ParaHippocampal_R
599,5,40,6,41,0.05297841478041634,0.05297841478041634,0.05297841478041634,2465,Frontal_Sup_Orb_R,Amygdala_L
600,5,41,6,42,0.08635245200231424,0.08635245200231424,0.08635245200231424,1517,Frontal_Sup_Orb_R,Amygdala_R
601,5,42,6,43,0.016390174514351367,0.016390174514351367,0.016390174514351367,4382,Frontal_Sup_Orb_R,Calcarine_L
602,5,43,6,44,0.022890124599539916,0.022890124599539916,0.022890124599539916,3985,Frontal_Sup_Orb_R,Calcarine_R
603,5,44,6,45,0.022993159000271112,0.022993159000271112,0.022993159000271112,3977,Frontal_Sup_Orb_R,Cuneus_L
604,5,45,6,46,0.047252586167980226,0.047252586167980226,0.047252586167980226,2689,Frontal_Sup_Orb_R,Cuneus_R
605,5,46,6,47,0.022221237496591575,0.022221237496591575,0.022221237496591575,4036,Frontal_Sup_Orb_R,Lingual_L
606,5,47,6,48,-0.006289992100408011,0.006289992100408011,0.006289992100408011,5100,Frontal_Sup_Orb_R,Lingual_R
607,5,48,6,49,0.008420585577519525,0.008420585577519525,0.008420585577519525,4958,Frontal_Sup_Orb_R,Occipital_Sup_L
608,5,49,6,50,-0.009493757042820013,0.009493757042820013,0.009493757042820013,4887,Frontal_Sup_Orb_R,Occipital_Sup_R
609,5,50,6,51,-0.052220599486540994,0.052220599486540994,0.052220599486540994,2499,Frontal_Sup_Orb_R,Occipital_Mid_L
610,5,51,6,52,-0.04373401181931259,0.04373401181931259,0.04373401181931259,2843,Frontal_Sup_Orb_R,Occipital_Mid_R
611,5,52,6,53,0.005561786220481404,0.005561786220481404,0.005561786220481404,5145,Frontal_Sup_Orb_R,Occipital_Inf_L
612,5,53,6,54,0.0533397645172228,0.0533397645172228,0.0533397645172228,2453,Frontal_Sup_Orb_R,Occipital_Inf_R
613,5,54,6,55,0.08778699550927567,0.08778699550927567,0.08778699550927567,1483,Frontal_Sup_Orb_R,Fusiform_L
614,5,55,6,56,0.06400233463139361,0.06400233463139361,0.06400233463139361,2094,Frontal_Sup_Orb_R,Fusiform_R
615,5,56,6,57,-0.051322029070213104,0.051322029070213104,0.051322029070213104,2533,Frontal_Sup_Orb_R,Postcentral_L
616,5,57,6,58,-0.07207489846919922,0.07207489846919922,0.07207489846919922,1847,Frontal_Sup_Orb_R,Postcentral_R
617,5,58,6,59,0.0005024718872961538,0.0005024718872961538,0.0005024718872961538,6074,Frontal_Sup_Orb_R,Parietal_Sup_L
618,5,59,6,60,0.0005641925609707759,0.0005641925609707759,0.0005641925609707759,5825,Frontal_Sup_Orb_R,Parietal_Sup_R
619,5,60,6,61,-0.42272068666676976,0.42272068666676976,0.42272068666676976,20,Frontal_Sup_Orb_R,Parietal_Inf_L
620,5,61,6,62,0.0004892877963887524,0.0004892877963887524,0.0004892877963887524,6155,Frontal_Sup_Orb_R,Parietal_Inf_R
621,5,62,6,63,0.0004996845127560273,0.0004996845127560273,0.0004996845127560273,6092,Frontal_Sup_Orb_R,SupraMarginal_L
622,5,63,6,64,-0.15248928140273982,0.15248928140273982,0.15248928140273982,601,Frontal_Sup_Orb_R,SupraMarginal_R
623,5,64,6,65,-0.07310350438105377,0.07310350438105377,0.07310350438105377,1821,Frontal_Sup_Orb_R,Angular_L
624,5,65,6,66,0.0008336816794444269,0.0008336816794444269,0.0008336816794444269,5623,Frontal_Sup_Orb_R,Angular_R
625,5,66,6,67,-0.002336446786271843,0.002336446786271843,0.002336446786271843,5393,Frontal_Sup_Orb_R,Precuneus_L
626,5,67,6,68,-0.08907501511301669,0.08907501511301669,0.08907501511301669,1459,Frontal_Sup_Orb_R,Precuneus_R
627,5,68,6,69,-0.03328620961017495,0.03328620961017495,0.03328620961017495,3357,Frontal_Sup_Orb_R,Paracentral_Lobule_L
628,5,69,6,70,0.0961047843604936,0.0961047843604936,0.0961047843604936,1316,Frontal_Sup_Orb_R,Paracentral_Lobule_R
629,5,70,6,71,-0.01771653094411657,0.01771653094411657,0.01771653094411657,4294,Frontal_Sup_Orb_R,Caudate_L
630,5,71,6,72,-0.11222597638259955,0.11222597638259955,0.11222597638259955,1054,Frontal_Sup_Orb_R,Caudate_R
631,5,72,6,73,-0.11642947209292598,0.11642947209292598,0.11642947209292598,984,Frontal_Sup_Orb_R,Putamen_L
632,5,73,6,74,0.02130923565631386,0.02130923565631386,0.02130923565631386,4094,Frontal_Sup_Orb_R,Putamen_R
633,5,74,6,75,-0.03665941957521115,0.03665941957521115,0.03665941957521115,3172,Frontal_Sup_Orb_R,Pallidum_L
634,5,75,6,76,0.1808506238208047,0.1808506238208047,0.1808506238208047,398,Frontal_Sup_Orb_R,Pallidum_R
635,5,76,6,77,-0.4325841788769434,0.4325841788769434,0.4325841788769434,17,Frontal_Sup_Orb_R,Thalamus_L
636,5,77,6,78,-0.18365483623741838,0.18365483623741838,0.18365483623741838,389,Frontal_Sup_Orb_R,Thalamus_R
637,5,78,6,79,0.22482091960413697,0.22482091960413697,0.22482091960413697,227,Frontal_Sup_Orb_R,Heschl_L
638,5,79,6,80,0.03446259306846217,0.03446259306846217,0.03446259306846217,3284,Frontal_Sup_Orb_R,Heschl_R
639,5,80,6,81,0.1079348873830026,0.1079348873830026,0.1079348873830026,1112,Frontal_Sup_Orb_R,Temporal_Sup_L
640,5,81,6,82,-0.04616111251392102,0.04616111251392102,0.04616111251392102,2740,Frontal_Sup_Orb_R,Temporal_Sup_R
641,5,82,6,83,0.03721131295655808,0.03721131295655808,0.03721131295655808,3151,Frontal_Sup_Orb_R,Temporal_Pole_Sup_L
642,5,83,6,84,-0.12551777999799119,0.12551777999799119,0.12551777999799119,868,Frontal_Sup_Orb_R,Temporal_Pole_Sup_R
643,5,84,6,85,0.08816695422458724,0.08816695422458724,0.08816695422458724,1475,Frontal_Sup_Orb_R,Temporal_Mid_L
644,5,85,6,86,-0.13628298017897714,0.13628298017897714,0.13628298017897714,762,Frontal_Sup_Orb_R,Temporal_Mid_R
645,5,86,6,87,-0.23396827803746864,0.23396827803746864,0.23396827803746864,207,Frontal_Sup_Orb_R,Temporal_Pole_Mid_L
646,5,87,6,88,-0.0998027056767834,0.0998027056767834,0.0998027056767834,1251,Frontal_Sup_Orb_R,Temporal_Pole_Mid_R
647,5,88,6,89,-0.22818944959433532,0.22818944959433532,0.22818944959433532,216,Frontal_Sup_Orb_R,Temporal_Inf_L
648,5,89,6,90,0.023585933324997067,0.023585933324997067,0.023585933324997067,3936,Frontal_Sup_Orb_R,Temporal_Inf_R
649,5,90,6,91,-0.0717609020815128,0.0717609020815128,0.0717609020815128,1858,Frontal_Sup_Orb_R,Cerebelum_Crus1_L
650,5,91,6,92,-0.08447763424617538,0.08447763424617538,0.08447763424617538,1551,Frontal_Sup_Orb_R,Cerebelum_Crus1_R
651,5,92,6,93,-0.08298205716403836,0.08298205716403836,0.08298205716403836,1591,Frontal_Sup_Orb_R,Cerebelum_Crus2_L
652,5,93,6,94,-0.11769502476353923,0.11769502476353923,0.11769502476353923,967,Frontal_Sup_Orb_R,Cerebelum_Crus2_R
653,5,94,6,95,0.15868285495775336,0.15868285495775336,0.15868285495775336,542,Frontal_Sup_Orb_R,Cerebelum_3_L
654,5,95,6,96,-0.07362219137158044,0.07362219137158044,0.07362219137158044,1813,Frontal_Sup_Orb_R,Cerebelum_3_R
655,5,96,6,97,0.11698280467385544,0.11698280467385544,0.11698280467385544,978,Frontal_Sup_Orb_R,Cerebelum_4_5_L
656,5,97,6,98,-0.12656411192500852,0.12656411192500852,0.12656411192500852,860,Frontal_Sup_Orb_R,Cerebelum_4_5_R
657,5,98,6,99,0.0781116384554571,0.0781116384554571,0.0781116384554571,1700,Frontal_Sup_Orb_R,Cerebelum_6_L
658,5,99,6,100,-0.15893317064809329,0.15893317064809329,0.15893317064809329,537,Frontal_Sup_Orb_R,Cerebelum_6_R
659,5,100,6,101,0.3038357645440066,0.3038357645440066,0.3038357645440066,71,Frontal_Sup_Orb_R,Cerebelum_7b_L
660,5,101,6,102,-0.02446360584337228,0.02446360584337228,0.02446360584337228,3883,Frontal_Sup_Orb_R,Cerebelum_7b_R
661,5,102,6,103,-0.15401282400838093,0.15401282400838093,0.15401282400838093,579,Frontal_Sup_Orb_R,Cerebelum_8_L
662,5,103,6,104,-0.2909289751212656,0.2909289751212656,0.2909289751212656,85,Frontal_Sup_Orb_R,Cerebelum_8_R
663,5,104,6,105,-0.09189062802031987,0.09189062802031987,0.09189062802031987,1403,Frontal_Sup_Orb_R,Cerebelum_9_L
664,5,105,6,106,-0.1807505069257208,0.1807505069257208,0.1807505069257208,399,Frontal_Sup_Orb_R,Cerebelum_9_R
665,5,106,6,107,-0.08802460090518917,0.08802460090518917,0.08802460090518917,1478,Frontal_Sup_Orb_R,Cerebelum_10_L
666,5,107,6,108,0.21280332181416303,0.21280332181416303,0.21280332181416303,265,Frontal_Sup_Orb_R,Cerebelum_10_R
667,5,108,6,109,-0.09645590639791601,0.09645590639791601,0.09645590639791601,1307,Frontal_Sup_Orb_R,Vermis_1_2
668,5,109,6,110,-0.06209327971955768,0.06209327971955768,0.06209327971955768,2153,Frontal_Sup_Orb_R,Vermis_3
669,5,110,6,111,-0.04743230200482831,0.04743230200482831,0.04743230200482831,2683,Frontal_Sup_Orb_R,Vermis_4_5
670,5,111,6,112,-0.03290113681099143,0.03290113681099143,0.03290113681099143,3379,Frontal_Sup_Orb_R,Vermis_6
671,5,112,6,113,-0.034831439878039515,0.034831439878039515,0.034831439878039515,3261,Frontal_Sup_Orb_R,Vermis_7
672,5,113,6,114,-0.002894190765717449,0.002894190765717449,0.002894190765717449,5364,Frontal_Sup_Orb_R,Vermis_8
673,5,114,6,115,-0.012509096316589577,0.012509096316589577,0.012509096316589577,4674,Frontal_Sup_Orb_R,Vermis_9
674,5,115,6,116,-0.08116544050661242,0.08116544050661242,0.08116544050661242,1626,Frontal_Sup_Orb_R,Vermis_10
675,6,7,7,8,0.0005750618935641405,0.0005750618935641405,0.0005750618935641405,5788,Frontal_Mid_L,Frontal_Mid_R
676,6,8,7,9,0.0005009295285195608,0.0005009295285195608,0.0005009295285195608,6083,Frontal_Mid_L,Frontal_Mid_Orb_L
677,6,9,7,10,0.0004999391979154643,0.0004999391979154643,0.0004999391979154643,6089,Frontal_Mid_L,Frontal_Mid_Orb_R
678,6,10,7,11,0.0006493145913900681,0.0006493145913900681,0.0006493145913900681,5663,Frontal_Mid_L,Frontal_Inf_Oper_L
679,6,11,7,12,0.00048657316156773447,0.00048657316156773447,0.00048657316156773447,6180,Frontal_Mid_L,Frontal_Inf_Oper_R
680,6,12,7,13,0.0004629442911195164,0.0004629442911195164,0.0004629442911195164,6430,Frontal_Mid_L,Frontal_Inf_Tri_L
681,6,13,7,14,0.0004795329816722182,0.0004795329816722182,0.0004795329816722182,6247,Frontal_Mid_L,Frontal_Inf_Tri_R
682,6,14,7,15,0.00048468224943277696,0.00048468224943277696,0.00048468224943277696,6196,Frontal_Mid_L,Frontal_Inf_Orb_L
683,6,15,7,16,0.0005048880957700629,0.0005048880957700629,0.0005048880957700629,6060,Frontal_Mid_L,Frontal_Inf_Orb_R
684,6,16,7,17,0.0004675482883125475,0.0004675482883125475,0.0004675482883125475,6386,Frontal_Mid_L,Rolandic_Oper_L
685,6,17,7,18,0.00047421177261531845,0.00047421177261531845,0.00047421177261531845,6314,Frontal_Mid_L,Rolandic_Oper_R
686,6,18,7,19,0.0004807702896836565,0.0004807702896836565,0.0004807702896836565,6225,Frontal_Mid_L,Supp_Motor_Area_L
687,6,19,7,20,0.000480461626912513,0.000480461626912513,0.000480461626912513,6232,Frontal_Mid_L,Supp_Motor_Area_R
688,6,20,7,21,0.00048252033389205046,0.00048252033389205046,0.00048252033389205046,6210,Frontal_Mid_L,Olfactory_L
689,6,21,7,22,0.00046116502136343124,0.00046116502136343124,0.00046116502136343124,6439,Frontal_Mid_L,Olfactory_R
690,6,22,7,23,0.00046743731614397213,0.00046743731614397213,0.00046743731614397213,6388,Frontal_Mid_L,Frontal_Sup_Medial_L
691,6,23,7,24,0.0004819215520090193,0.0004819215520090193,0.0004819215520090193,6212,Frontal_Mid_L,Frontal_Sup_Medial_R
692,6,24,7,25,0.00046700711974898224,0.00046700711974898224,0.00046700711974898224,6392,Frontal_Mid_L,Frontal_Med_Orb_L
693,6,25,7,26,0.0004946106763165619,0.0004946106763165619,0.0004946106763165619,6127,Frontal_Mid_L,Frontal_Med_Orb_R
694,6,26,7,27,0.0004885359547029032,0.0004885359547029032,0.0004885359547029032,6158,Frontal_Mid_L,Rectus_L
695,6,27,7,28,0.0005007309998609301,0.0005007309998609301,0.0005007309998609301,6085,Frontal_Mid_L,Rectus_R
696,6,28,7,29,0.0004847381145829278,0.0004847381145829278,0.0004847381145829278,6195,Frontal_Mid_L,Insula_L
697,6,29,7,30,0.0004885188400905612,0.0004885188400905612,0.0004885188400905612,6160,Frontal_Mid_L,Insula_R
698,6,30,7,31,0.00046766519750994175,0.00046766519750994175,0.00046766519750994175,6383,Frontal_Mid_L,Cingulum_Ant_L
699,6,31,7,32,0.00048083528154645644,0.00048083528154645644,0.00048083528154645644,6223,Frontal_Mid_L,Cingulum_Ant_R
700,6,32,7,33,0.00046447650605181196,0.00046447650605181196,0.00046447650605181196,6413,Frontal_Mid_L,Cingulum_Mid_L
701,6,33,7,34,0.0004573787702394118,0.0004573787702394118,0.0004573787702394118,6477,Frontal_Mid_L,Cingulum_Mid_R
702,6,34,7,35,0.0004539556179316585,0.0004539556179316585,0.0004539556179316585,6493,Frontal_Mid_L,Cingulum_Post_L
703,6,35,7,36,0.00045209018778368844,0.00045209018778368844,0.00045209018778368844,6501,Frontal_Mid_L,Cingulum_Post_R
704,6,36,7,37,0.00047262757314572444,0.00047262757314572444,0.00047262757314572444,6330,Frontal_Mid_L,Hippocampus_L
705,6,37,7,38,0.0004725370828914117,0.0004725370828914117,0.0004725370828914117,6333,Frontal_Mid_L,Hippocampus_R
706,6,38,7,39,0.0004619375100436522,0.0004619375100436522,0.0004619375100436522,6434,Frontal_Mid_L,ParaHippocampal_L
707,6,39,7,40,0.0004792036241373763,0.0004792036241373763,0.0004792036241373763,6254,Frontal_Mid_L,ParaHippocampal_R
708,6,40,7,41,0.00047064811082795835,0.00047064811082795835,0.00047064811082795835,6351,Frontal_Mid_L,Amygdala_L
709,6,41,7,42,0.0004727204116234293,0.0004727204116234293,0.0004727204116234293,6329,Frontal_Mid_L,Amygdala_R
710,6,42,7,43,0.0004732675550462066,0.0004732675550462066,0.0004732675550462066,6324,Frontal_Mid_L,Calcarine_L
711,6,43,7,44,0.00046754103093639047,0.00046754103093639047,0.00046754103093639047,6387,Frontal_Mid_L,Calcarine_R
712,6,44,7,45,0.00046938548739645653,0.00046938548739645653,0.00046938548739645653,6364,Frontal_Mid_L,Cuneus_L
713,6,45,7,46,0.0004687135205993278,0.0004687135205993278,0.0004687135205993278,6370,Frontal_Mid_L,Cuneus_R
714,6,46,7,47,0.0004788058057572267,0.0004788058057572267,0.0004788058057572267,6261,Frontal_Mid_L,Lingual_L
715,6,47,7,48,0.00047382900982965076,0.00047382900982965076,0.00047382900982965076,6318,Frontal_Mid_L,Lingual_R
716,6,48,7,49,0.0004733979253137533,0.0004733979253137533,0.0004733979253137533,6323,Frontal_Mid_L,Occipital_Sup_L
717,6,49,7,50,0.00046946944293197975,0.00046946944293197975,0.00046946944293197975,6362,Frontal_Mid_L,Occipital_Sup_R
718,6,50,7,51,0.00047181977896713966,0.00047181977896713966,0.00047181977896713966,6344,Frontal_Mid_L,Occipital_Mid_L
719,6,51,7,52,0.00046363414281822956,0.00046363414281822956,0.00046363414281822956,6423,Frontal_Mid_L,Occipital_Mid_R
720,6,52,7,53,0.0004782115100088238,0.0004782115100088238,0.0004782115100088238,6269,Frontal_Mid_L,Occipital_Inf_L
721,6,53,7,54,0.0004596602538390343,0.0004596602538390343,0.0004596602538390343,6456,Frontal_Mid_L,Occipital_Inf_R
722,6,54,7,55,0.0004684528261406262,0.0004684528261406262,0.0004684528261406262,6373,Frontal_Mid_L,Fusiform_L
723,6,55,7,56,0.00048519110166135994,0.00048519110166135994,0.00048519110166135994,6192,Frontal_Mid_L,Fusiform_R
724,6,56,7,57,0.00047937309536248533,0.00047937309536248533,0.00047937309536248533,6250,Frontal_Mid_L,Postcentral_L
725,6,57,7,58,0.0004774317941335728,0.0004774317941335728,0.0004774317941335728,6282,Frontal_Mid_L,Postcentral_R
726,6,58,7,59,0.0007403660481888437,0.0007403660481888437,0.0007403660481888437,5643,Frontal_Mid_L,Parietal_Sup_L
727,6,59,7,60,0.0007429156722145774,0.0007429156722145774,0.0007429156722145774,5642,Frontal_Mid_L,Parietal_Sup_R
728,6,60,7,61,0.00046601845774252125,0.00046601845774252125,0.00046601845774252125,6398,Frontal_Mid_L,Parietal_Inf_L
729,6,61,7,62,0.0007066493606846207,0.0007066493606846207,0.0007066493606846207,5649,Frontal_Mid_L,Parietal_Inf_R
730,6,62,7,63,0.0006560019852771417,0.0006560019852771417,0.0006560019852771417,5661,Frontal_Mid_L,SupraMarginal_L
731,6,63,7,64,0.0004661324224308096,0.0004661324224308096,0.0004661324224308096,6396,Frontal_Mid_L,SupraMarginal_R
732,6,64,7,65,0.00045262687199929246,0.00045262687199929246,0.00045262687199929246,6499,Frontal_Mid_L,Angular_L
733,6,65,7,66,0.0009663858808396561,0.0009663858808396561,0.0009663858808396561,5505,Frontal_Mid_L,Angular_R
734,6,66,7,67,0.0004577030614844955,0.0004577030614844955,0.0004577030614844955,6474,Frontal_Mid_L,Precuneus_L
735,6,67,7,68,0.00045572286835661186,0.00045572286835661186,0.00045572286835661186,6485,Frontal_Mid_L,Precuneus_R
736,6,68,7,69,0.0004757038969327374,0.0004757038969327374,0.0004757038969327374,6296,Frontal_Mid_L,Paracentral_Lobule_L
737,6,69,7,70,0.0004805805608121836,0.0004805805608121836,0.0004805805608121836,6229,Frontal_Mid_L,Paracentral_Lobule_R
738,6,70,7,71,0.0004786023458231511,0.0004786023458231511,0.0004786023458231511,6265,Frontal_Mid_L,Caudate_L
739,6,71,7,72,0.00048226352197799216,0.00048226352197799216,0.00048226352197799216,6211,Frontal_Mid_L,Caudate_R
740,6,72,7,73,0.00045303383796869924,0.00045303383796869924,0.00045303383796869924,6497,Frontal_Mid_L,Putamen_L
741,6,73,7,74,0.0004718728578505312,0.0004718728578505312,0.0004718728578505312,6342,Frontal_Mid_L,Putamen_R
742,6,74,7,75,0.0004609028952977375,0.0004609028952977375,0.0004609028952977375,6443,Frontal_Mid_L,Pallidum_L
743,6,75,7,76,0.0004593193087297226,0.0004593193087297226,0.0004593193087297226,6460,Frontal_Mid_L,Pallidum_R
744,6,76,7,77,0.0004754345431266441,0.0004754345431266441,0.0004754345431266441,6303,Frontal_Mid_L,Thalamus_L
745,6,77,7,78,0.00047569700299928444,0.00047569700299928444,0.00047569700299928444,6297,Frontal_Mid_L,Thalamus_R
746,6,78,7,79,0.0004928040159561783,0.0004928040159561783,0.0004928040159561783,6136,Frontal_Mid_L,Heschl_L
747,6,79,7,80,0.0004885830353589435,0.0004885830353589435,0.0004885830353589435,6157,Frontal_Mid_L,Heschl_R
748,6,80,7,81,0.00046762075187315545,0.00046762075187315545,0.00046762075187315545,6384,Frontal_Mid_L,Temporal_Sup_L
749,6,81,7,82,0.0004764044892673208,0.0004764044892673208,0.0004764044892673208,6289,Frontal_Mid_L,Temporal_Sup_R
750,6,82,7,83,0.00047981812064525455,0.00047981812064525455,0.00047981812064525455,6240,Frontal_Mid_L,Temporal_Pole_Sup_L
751,6,83,7,84,0.000476584110702971,0.000476584110702971,0.000476584110702971,6287,Frontal_Mid_L,Temporal_Pole_Sup_R
752,6,84,7,85,0.00047663266913579457,0.00047663266913579457,0.00047663266913579457,6285,Frontal_Mid_L,Temporal_Mid_L
753,6,85,7,86,0.0004849382009629184,0.0004849382009629184,0.0004849382009629184,6193,Frontal_Mid_L,Temporal_Mid_R
754,6,86,7,87,0.00046083134035645643,0.00046083134035645643,0.00046083134035645643,6444,Frontal_Mid_L,Temporal_Pole_Mid_L
755,6,87,7,88,0.00047731325817591,0.00047731325817591,0.00047731325817591,6283,Frontal_Mid_L,Temporal_Pole_Mid_R
756,6,88,7,89,0.0004611510348572635,0.0004611510348572635,0.0004611510348572635,6440,Frontal_Mid_L,Temporal_Inf_L
757,6,89,7,90,0.0005057515256971177,0.0005057515256971177,0.0005057515256971177,6054,Frontal_Mid_L,Temporal_Inf_R
758,6,90,7,91,0.00048102346935709656,0.00048102346935709656,0.00048102346935709656,6218,Frontal_Mid_L,Cerebelum_Crus1_L
759,6,91,7,92,0.000477793658694838,0.000477793658694838,0.000477793658694838,6278,Frontal_Mid_L,Cerebelum_Crus1_R
760,6,92,7,93,0.0004826544651162206,0.0004826544651162206,0.0004826544651162206,6208,Frontal_Mid_L,Cerebelum_Crus2_L
761,6,93,7,94,0.00047785259281916097,0.00047785259281916097,0.00047785259281916097,6276,Frontal_Mid_L,Cerebelum_Crus2_R
762,6,94,7,95,0.00047889672930594954,0.00047889672930594954,0.00047889672930594954,6259,Frontal_Mid_L,Cerebelum_3_L
763,6,95,7,96,0.00047784878873231244,0.00047784878873231244,0.00047784878873231244,6277,Frontal_Mid_L,Cerebelum_3_R
764,6,96,7,97,0.00046069839768120405,0.00046069839768120405,0.00046069839768120405,6447,Frontal_Mid_L,Cerebelum_4_5_L
765,6,97,7,98,0.0004688644495925679,0.0004688644495925679,0.0004688644495925679,6369,Frontal_Mid_L,Cerebelum_4_5_R
766,6,98,7,99,0.0004571249465433102,0.0004571249465433102,0.0004571249465433102,6481,Frontal_Mid_L,Cerebelum_6_L
767,6,99,7,100,0.00044858075410604634,0.00044858075410604634,0.00044858075410604634,6513,Frontal_Mid_L,Cerebelum_6_R
768,6,100,7,101,0.0004881817153590761,0.0004881817153590761,0.0004881817153590761,6164,Frontal_Mid_L,Cerebelum_7b_L
769,6,101,7,102,0.0004698760387786255,0.0004698760387786255,0.0004698760387786255,6357,Frontal_Mid_L,Cerebelum_7b_R
770,6,102,7,103,0.00045720502227976524,0.00045720502227976524,0.00045720502227976524,6479,Frontal_Mid_L,Cerebelum_8_L
771,6,103,7,104,0.0004561995870721786,0.0004561995870721786,0.0004561995870721786,6483,Frontal_Mid_L,Cerebelum_8_R
772,6,104,7,105,0.000479592923440495,0.000479592923440495,0.000479592923440495,6244,Frontal_Mid_L,Cerebelum_9_L
773,6,105,7,106,0.00047605999309973177,0.00047605999309973177,0.00047605999309973177,6294,Frontal_Mid_L,Cerebelum_9_R
774,6,106,7,107,0.0004763685532964744,0.0004763685532964744,0.0004763685532964744,6290,Frontal_Mid_L,Cerebelum_10_L
775,6,107,7,108,0.00047138358420015713,0.00047138358420015713,0.00047138358420015713,6346,Frontal_Mid_L,Cerebelum_10_R
776,6,108,7,109,0.00046771217836136437,0.00046771217836136437,0.00046771217836136437,6381,Frontal_Mid_L,Vermis_1_2
777,6,109,7,110,0.00047211258861092336,0.00047211258861092336,0.00047211258861092336,6340,Frontal_Mid_L,Vermis_3
778,6,110,7,111,0.00046782396992972423,0.00046782396992972423,0.00046782396992972423,6379,Frontal_Mid_L,Vermis_4_5
779,6,111,7,112,0.00045169735019380785,0.00045169735019380785,0.00045169735019380785,6502,Frontal_Mid_L,Vermis_6
780,6,112,7,113,0.00045108845729580315,0.00045108845729580315,0.00045108845729580315,6504,Frontal_Mid_L,Vermis_7
781,6,113,7,114,0.00046147446145330804,0.00046147446145330804,0.00046147446145330804,6437,Frontal_Mid_L,Vermis_8
782,6,114,7,115,0.00047297219932880937,0.00047297219932880937,0.00047297219932880937,6327,Frontal_Mid_L,Vermis_9
783,6,115,7,116,0.0004610561846750124,0.0004610561846750124,0.0004610561846750124,6441,Frontal_Mid_L,Vermis_10
784,7,8,8,9,0.00035888916557076954,0.00035888916557076954,0.00035888916557076954,6538,Frontal_Mid_R,Frontal_Mid_Orb_L
785,7,9,8,10,0.00040157896956374085,0.00040157896956374085,0.00040157896956374085,6534,Frontal_Mid_R,Frontal_Mid_Orb_R
786,7,10,8,11,0.0005503124327784082,0.0005503124327784082,0.0005503124327784082,5867,Frontal_Mid_R,Frontal_Inf_Oper_L
787,7,11,8,12,0.0003098962798626902,0.0003098962798626902,0.0003098962798626902,6632,Frontal_Mid_R,Frontal_Inf_Oper_R
788,7,12,8,13,0.00032824527257611447,0.00032824527257611447,0.00032824527257611447,6592,Frontal_Mid_R,Frontal_Inf_Tri_L
789,7,13,8,14,0.00032395368443362434,0.00032395368443362434,0.00032395368443362434,6604,Frontal_Mid_R,Frontal_Inf_Tri_R
790,7,14,8,15,0.00034643584021270895,0.00034643584021270895,0.00034643584021270895,6551,Frontal_Mid_R,Frontal_Inf_Orb_L
791,7,15,8,16,0.0003601654124591044,0.0003601654124591044,0.0003601654124591044,6537,Frontal_Mid_R,Frontal_Inf_Orb_R
792,7,16,8,17,0.0003180571210776691,0.0003180571210776691,0.0003180571210776691,6616,Frontal_Mid_R,Rolandic_Oper_L
793,7,17,8,18,0.00031078271624030297,0.00031078271624030297,0.00031078271624030297,6629,Frontal_Mid_R,Rolandic_Oper_R
794,7,18,8,19,0.0003206975474284277,0.0003206975474284277,0.0003206975474284277,6609,Frontal_Mid_R,Supp_Motor_Area_L
795,7,19,8,20,0.00033037614594120607,0.00033037614594120607,0.00033037614594120607,6586,Frontal_Mid_R,Supp_Motor_Area_R
796,7,20,8,21,0.00035144199307303616,0.00035144199307303616,0.00035144199307303616,6543,Frontal_Mid_R,Olfactory_L
797,7,21,8,22,0.00033771156498329017,0.00033771156498329017,0.00033771156498329017,6569,Frontal_Mid_R,Olfactory_R
798,7,22,8,23,0.0003495025505580852,0.0003495025505580852,0.0003495025505580852,6548,Frontal_Mid_R,Frontal_Sup_Medial_L
799,7,23,8,24,0.00036081823679145905,0.00036081823679145905,0.00036081823679145905,6536,Frontal_Mid_R,Frontal_Sup_Medial_R
800,7,24,8,25,0.00032035858774633654,0.00032035858774633654,0.00032035858774633654,6610,Frontal_Mid_R,Frontal_Med_Orb_L
801,7,25,8,26,0.00034032634221359254,0.00034032634221359254,0.00034032634221359254,6564,Frontal_Mid_R,Frontal_Med_Orb_R
802,7,26,8,27,0.0003376256332051345,0.0003376256332051345,0.0003376256332051345,6570,Frontal_Mid_R,Rectus_L
803,7,27,8,28,0.0003380375707210692,0.0003380375707210692,0.0003380375707210692,6567,Frontal_Mid_R,Rectus_R
804,7,28,8,29,0.0003301787786809874,0.0003301787786809874,0.0003301787786809874,6587,Frontal_Mid_R,Insula_L
805,7,29,8,30,0.00033178562243261833,0.00033178562243261833,0.00033178562243261833,6584,Frontal_Mid_R,Insula_R
806,7,30,8,31,0.0003332821033922963,0.0003332821033922963,0.0003332821033922963,6579,Frontal_Mid_R,Cingulum_Ant_L
807,7,31,8,32,0.0003422412388902866,0.0003422412388902866,0.0003422412388902866,6557,Frontal_Mid_R,Cingulum_Ant_R
808,7,32,8,33,0.0003281558472528228,0.0003281558472528228,0.0003281558472528228,6593,Frontal_Mid_R,Cingulum_Mid_L
809,7,33,8,34,0.0003177758576998323,0.0003177758576998323,0.0003177758576998323,6618,Frontal_Mid_R,Cingulum_Mid_R
810,7,34,8,35,0.00033535810818740837,0.00033535810818740837,0.00033535810818740837,6575,Frontal_Mid_R,Cingulum_Post_L
811,7,35,8,36,0.00032438235321739306,0.00032438235321739306,0.00032438235321739306,6602,Frontal_Mid_R,Cingulum_Post_R
812,7,36,8,37,0.00033628207347373694,0.00033628207347373694,0.00033628207347373694,6573,Frontal_Mid_R,Hippocampus_L
813,7,37,8,38,0.00033701426162775593,0.00033701426162775593,0.00033701426162775593,6572,Frontal_Mid_R,Hippocampus_R
814,7,38,8,39,0.00033612412331137005,0.00033612412331137005,0.00033612412331137005,6574,Frontal_Mid_R,ParaHippocampal_L
815,7,39,8,40,0.0003428346583397139,0.0003428346583397139,0.0003428346583397139,6555,Frontal_Mid_R,ParaHippocampal_R
816,7,40,8,41,0.00034020774480755166,0.00034020774480755166,0.00034020774480755166,6565,Frontal_Mid_R,Amygdala_L
817,7,41,8,42,0.0003455648273162411,0.0003455648273162411,0.0003455648273162411,6553,Frontal_Mid_R,Amygdala_R
818,7,42,8,43,0.00031948713335885084,0.00031948713335885084,0.00031948713335885084,6614,Frontal_Mid_R,Calcarine_L
819,7,43,8,44,0.00030687706720316995,0.00030687706720316995,0.00030687706720316995,6640,Frontal_Mid_R,Calcarine_R
820,7,44,8,45,0.00032006865456698705,0.00032006865456698705,0.00032006865456698705,6612,Frontal_Mid_R,Cuneus_L
821,7,45,8,46,0.0003101536624200911,0.0003101536624200911,0.0003101536624200911,6631,Frontal_Mid_R,Cuneus_R
822,7,46,8,47,0.0003181789952680981,0.0003181789952680981,0.0003181789952680981,6615,Frontal_Mid_R,Lingual_L
823,7,47,8,48,0.0003082464838719221,0.0003082464838719221,0.0003082464838719221,6638,Frontal_Mid_R,Lingual_R
824,7,48,8,49,0.0003174034745956071,0.0003174034745956071,0.0003174034745956071,6620,Frontal_Mid_R,Occipital_Sup_L
825,7,49,8,50,0.00031271093348560685,0.00031271093348560685,0.00031271093348560685,6625,Frontal_Mid_R,Occipital_Sup_R
826,7,50,8,51,0.0003295563646849815,0.0003295563646849815,0.0003295563646849815,6589,Frontal_Mid_R,Occipital_Mid_L
827,7,51,8,52,0.0003067517172720963,0.0003067517172720963,0.0003067517172720963,6641,Frontal_Mid_R,Occipital_Mid_R
828,7,52,8,53,0.0003319497264490439,0.0003319497264490439,0.0003319497264490439,6583,Frontal_Mid_R,Occipital_Inf_L
829,7,53,8,54,0.0003244446470304683,0.0003244446470304683,0.0003244446470304683,6601,Frontal_Mid_R,Occipital_Inf_R
830,7,54,8,55,0.00032499705079876064,0.00032499705079876064,0.00032499705079876064,6600,Frontal_Mid_R,Fusiform_L
831,7,55,8,56,0.0003268301730414727,0.0003268301730414727,0.0003268301730414727,6596,Frontal_Mid_R,Fusiform_R
832,7,56,8,57,0.0003210614594179722,0.0003210614594179722,0.0003210614594179722,6608,Frontal_Mid_R,Postcentral_L
833,7,57,8,58,0.0003098707413773055,0.0003098707413773055,0.0003098707413773055,6633,Frontal_Mid_R,Postcentral_R
834,7,58,8,59,0.0006035987724129405,0.0006035987724129405,0.0006035987724129405,5763,Frontal_Mid_R,Parietal_Sup_L
835,7,59,8,60,0.0006356253108128146,0.0006356253108128146,0.0006356253108128146,5672,Frontal_Mid_R,Parietal_Sup_R
836,7,60,8,61,0.0003116957835651608,0.0003116957835651608,0.0003116957835651608,6627,Frontal_Mid_R,Parietal_Inf_L
837,7,61,8,62,0.0006039455755980014,0.0006039455755980014,0.0006039455755980014,5762,Frontal_Mid_R,Parietal_Inf_R
838,7,62,8,63,0.0005495477463451296,0.0005495477463451296,0.0005495477463451296,5869,Frontal_Mid_R,SupraMarginal_L
839,7,63,8,64,0.0003093888761546395,0.0003093888761546395,0.0003093888761546395,6636,Frontal_Mid_R,SupraMarginal_R
840,7,64,8,65,0.0003333908877551281,0.0003333908877551281,0.0003333908877551281,6578,Frontal_Mid_R,Angular_L
841,7,65,8,66,0.000846645802642345,0.000846645802642345,0.000846645802642345,5613,Frontal_Mid_R,Angular_R
842,7,66,8,67,0.00033787686927198634,0.00033787686927198634,0.00033787686927198634,6568,Frontal_Mid_R,Precuneus_L
843,7,67,8,68,0.00030117354347683207,0.00030117354347683207,0.00030117354347683207,6645,Frontal_Mid_R,Precuneus_R
844,7,68,8,69,0.0003374216035307199,0.0003374216035307199,0.0003374216035307199,6571,Frontal_Mid_R,Paracentral_Lobule_L
845,7,69,8,70,0.0003413215778191134,0.0003413215778191134,0.0003413215778191134,6559,Frontal_Mid_R,Paracentral_Lobule_R
846,7,70,8,71,0.0003415959874008208,0.0003415959874008208,0.0003415959874008208,6558,Frontal_Mid_R,Caudate_L
847,7,71,8,72,0.00034602136248865505,0.00034602136248865505,0.00034602136248865505,6552,Frontal_Mid_R,Caudate_R
848,7,72,8,73,0.0003308724988891133,0.0003308724988891133,0.0003308724988891133,6585,Frontal_Mid_R,Putamen_L
849,7,73,8,74,0.00034320262759964546,0.00034320262759964546,0.00034320262759964546,6554,Frontal_Mid_R,Putamen_R
850,7,74,8,75,0.00032776846450422993,0.00032776846450422993,0.00032776846450422993,6594,Frontal_Mid_R,Pallidum_L
851,7,75,8,76,0.00032432647379367394,0.00032432647379367394,0.00032432647379367394,6603,Frontal_Mid_R,Pallidum_R
852,7,76,8,77,0.0003263746941899925,0.0003263746941899925,0.0003263746941899925,6598,Frontal_Mid_R,Thalamus_L
853,7,77,8,78,0.0003165612326716546,0.0003165612326716546,0.0003165612326716546,6622,Frontal_Mid_R,Thalamus_R
854,7,78,8,79,0.0003499780414126072,0.0003499780414126072,0.0003499780414126072,6546,Frontal_Mid_R,Heschl_L
855,7,79,8,80,0.00034033988966658974,0.00034033988966658974,0.00034033988966658974,6563,Frontal_Mid_R,Heschl_R
856,7,80,8,81,0.00033296959477139394,0.00033296959477139394,0.00033296959477139394,6581,Frontal_Mid_R,Temporal_Sup_L
857,7,81,8,82,0.0003287337086356487,0.0003287337086356487,0.0003287337086356487,6590,Frontal_Mid_R,Temporal_Sup_R
858,7,82,8,83,0.0003327351298132518,0.0003327351298132518,0.0003327351298132518,6582,Frontal_Mid_R,Temporal_Pole_Sup_L
859,7,83,8,84,0.0003286431731698006,0.0003286431731698006,0.0003286431731698006,6591,Frontal_Mid_R,Temporal_Pole_Sup_R
860,7,84,8,85,0.00034670888981829927,0.00034670888981829927,0.00034670888981829927,6550,Frontal_Mid_R,Temporal_Mid_L
861,7,85,8,86,0.00032776580379100846,0.00032776580379100846,0.00032776580379100846,6595,Frontal_Mid_R,Temporal_Mid_R
862,7,86,8,87,0.00032601480777750636,0.00032601480777750636,0.00032601480777750636,6599,Frontal_Mid_R,Temporal_Pole_Mid_L
863,7,87,8,88,0.0003413155044077274,0.0003413155044077274,0.0003413155044077274,6560,Frontal_Mid_R,Temporal_Pole_Mid_R
864,7,88,8,89,0.0003177786348505286,0.0003177786348505286,0.0003177786348505286,6617,Frontal_Mid_R,Temporal_Inf_L
865,7,89,8,90,0.0003571248813350346,0.0003571248813350346,0.0003571248813350346,6539,Frontal_Mid_R,Temporal_Inf_R
866,7,90,8,91,0.0003509464272527227,0.0003509464272527227,0.0003509464272527227,6544,Frontal_Mid_R,Cerebelum_Crus1_L
867,7,91,8,92,0.0003427775412827501,0.0003427775412827501,0.0003427775412827501,6556,Frontal_Mid_R,Cerebelum_Crus1_R
868,7,92,8,93,0.0003710596108978934,0.0003710596108978934,0.0003710596108978934,6535,Frontal_Mid_R,Cerebelum_Crus2_L
869,7,93,8,94,0.00034101822680454287,0.00034101822680454287,0.00034101822680454287,6562,Frontal_Mid_R,Cerebelum_Crus2_R
870,7,94,8,95,0.0003516824793997079,0.0003516824793997079,0.0003516824793997079,6542,Frontal_Mid_R,Cerebelum_3_L
871,7,95,8,96,0.0003542254680715871,0.0003542254680715871,0.0003542254680715871,6540,Frontal_Mid_R,Cerebelum_3_R
872,7,96,8,97,0.0003381333133862266,0.0003381333133862266,0.0003381333133862266,6566,Frontal_Mid_R,Cerebelum_4_5_L
873,7,97,8,98,0.00033379055071712917,0.00033379055071712917,0.00033379055071712917,6577,Frontal_Mid_R,Cerebelum_4_5_R
874,7,98,8,99,0.00030775722631974135,0.00030775722631974135,0.00030775722631974135,6639,Frontal_Mid_R,Cerebelum_6_L
875,7,99,8,100,0.0003097160816112833,0.0003097160816112833,0.0003097160816112833,6635,Frontal_Mid_R,Cerebelum_6_R
876,7,100,8,101,0.00034964931072850765,0.00034964931072850765,0.00034964931072850765,6547,Frontal_Mid_R,Cerebelum_7b_L
877,7,101,8,102,0.00032007323829108194,0.00032007323829108194,0.00032007323829108194,6611,Frontal_Mid_R,Cerebelum_7b_R
878,7,102,8,103,0.00031074535489508665,0.00031074535489508665,0.00031074535489508665,6630,Frontal_Mid_R,Cerebelum_8_L
879,7,103,8,104,0.0003040803605521809,0.0003040803605521809,0.0003040803605521809,6642,Frontal_Mid_R,Cerebelum_8_R
880,7,104,8,105,0.0003215098926914726,0.0003215098926914726,0.0003215098926914726,6606,Frontal_Mid_R,Cerebelum_9_L
881,7,105,8,106,0.00031110071491997264,0.00031110071491997264,0.00031110071491997264,6628,Frontal_Mid_R,Cerebelum_9_R
882,7,106,8,107,0.00031972288436013253,0.00031972288436013253,0.00031972288436013253,6613,Frontal_Mid_R,Cerebelum_10_L
883,7,107,8,108,0.00034708283080790454,0.00034708283080790454,0.00034708283080790454,6549,Frontal_Mid_R,Cerebelum_10_R
884,7,108,8,109,0.00031431795630168724,0.00031431795630168724,0.00031431795630168724,6624,Frontal_Mid_R,Vermis_1_2
885,7,109,8,110,0.0003214488404244709,0.0003214488404244709,0.0003214488404244709,6607,Frontal_Mid_R,Vermis_3
886,7,110,8,111,0.0003412970386131234,0.0003412970386131234,0.0003412970386131234,6561,Frontal_Mid_R,Vermis_4_5
887,7,111,8,112,0.0003174401050833099,0.0003174401050833099,0.0003174401050833099,6619,Frontal_Mid_R,Vermis_6
888,7,112,8,113,0.0003173090023894192,0.0003173090023894192,0.0003173090023894192,6621,Frontal_Mid_R,Vermis_7
889,7,113,8,114,0.0003157608041615581,0.0003157608041615581,0.0003157608041615581,6623,Frontal_Mid_R,Vermis_8
890,7,114,8,115,0.00032668203549723456,0.00032668203549723456,0.00032668203549723456,6597,Frontal_Mid_R,Vermis_9
891,7,115,8,116,0.0003235646545511859,0.0003235646545511859,0.0003235646545511859,6605,Frontal_Mid_R,Vermis_10
892,8,9,9,10,0.32103927538805055,0.32103927538805055,0.32103927538805055,58,Frontal_Mid_Orb_L,Frontal_Mid_Orb_R
893,8,10,9,11,0.0004797708313478539,0.0004797708313478539,0.0004797708313478539,6241,Frontal_Mid_Orb_L,Frontal_Inf_Oper_L
894,8,11,9,12,0.18447844804681449,0.18447844804681449,0.18447844804681449,385,Frontal_Mid_Orb_L,Frontal_Inf_Oper_R
895,8,12,9,13,0.16018736179249846,0.16018736179249846,0.16018736179249846,527,Frontal_Mid_Orb_L,Frontal_Inf_Tri_L
896,8,13,9,14,0.08869876517735249,0.08869876517735249,0.08869876517735249,1467,Frontal_Mid_Orb_L,Frontal_Inf_Tri_R
897,8,14,9,15,0.02515645957252612,0.02515645957252612,0.02515645957252612,3839,Frontal_Mid_Orb_L,Frontal_Inf_Orb_L
898,8,15,9,16,0.016048668027362434,0.016048668027362434,0.016048668027362434,4407,Frontal_Mid_Orb_L,Frontal_Inf_Orb_R
899,8,16,9,17,-0.0602070433634034,0.0602070433634034,0.0602070433634034,2224,Frontal_Mid_Orb_L,Rolandic_Oper_L
900,8,17,9,18,0.04101283667695204,0.04101283667695204,0.04101283667695204,2975,Frontal_Mid_Orb_L,Rolandic_Oper_R
901,8,18,9,19,0.2732662204302806,0.2732662204302806,0.2732662204302806,107,Frontal_Mid_Orb_L,Supp_Motor_Area_L
902,8,19,9,20,0.06314513179236807,0.06314513179236807,0.06314513179236807,2124,Frontal_Mid_Orb_L,Supp_Motor_Area_R
903,8,20,9,21,0.010181240933450398,0.010181240933450398,0.010181240933450398,4841,Frontal_Mid_Orb_L,Olfactory_L
904,8,21,9,22,-0.007516402955767509,0.007516402955767509,0.007516402955767509,5018,Frontal_Mid_Orb_L,Olfactory_R
905,8,22,9,23,-0.09752731729602838,0.09752731729602838,0.09752731729602838,1290,Frontal_Mid_Orb_L,Frontal_Sup_Medial_L
906,8,23,9,24,-0.15300106712949557,0.15300106712949557,0.15300106712949557,592,Frontal_Mid_Orb_L,Frontal_Sup_Medial_R
907,8,24,9,25,-0.30983242949037204,0.30983242949037204,0.30983242949037204,65,Frontal_Mid_Orb_L,Frontal_Med_Orb_L
908,8,25,9,26,-0.0642522141090922,0.0642522141090922,0.0642522141090922,2084,Frontal_Mid_Orb_L,Frontal_Med_Orb_R
909,8,26,9,27,0.01650785699929138,0.01650785699929138,0.01650785699929138,4377,Frontal_Mid_Orb_L,Rectus_L
910,8,27,9,28,0.09727341010394686,0.09727341010394686,0.09727341010394686,1295,Frontal_Mid_Orb_L,Rectus_R
911,8,28,9,29,0.17752180808043447,0.17752180808043447,0.17752180808043447,422,Frontal_Mid_Orb_L,Insula_L
912,8,29,9,30,0.09993765932439207,0.09993765932439207,0.09993765932439207,1246,Frontal_Mid_Orb_L,Insula_R
913,8,30,9,31,-0.12788228006057958,0.12788228006057958,0.12788228006057958,849,Frontal_Mid_Orb_L,Cingulum_Ant_L
914,8,31,9,32,0.0037764567488407616,0.0037764567488407616,0.0037764567488407616,5296,Frontal_Mid_Orb_L,Cingulum_Ant_R
915,8,32,9,33,-0.07681885146211535,0.07681885146211535,0.07681885146211535,1737,Frontal_Mid_Orb_L,Cingulum_Mid_L
916,8,33,9,34,-0.12626543765396292,0.12626543765396292,0.12626543765396292,863,Frontal_Mid_Orb_L,Cingulum_Mid_R
917,8,34,9,35,-0.1171257480101917,0.1171257480101917,0.1171257480101917,973,Frontal_Mid_Orb_L,Cingulum_Post_L
918,8,35,9,36,-0.11411431755081312,0.11411431755081312,0.11411431755081312,1021,Frontal_Mid_Orb_L,Cingulum_Post_R
919,8,36,9,37,-0.24635016066898907,0.24635016066898907,0.24635016066898907,165,Frontal_Mid_Orb_L,Hippocampus_L
920,8,37,9,38,-0.1464409100530881,0.1464409100530881,0.1464409100530881,658,Frontal_Mid_Orb_L,Hippocampus_R
921,8,38,9,39,-0.22871433807636385,0.22871433807636385,0.22871433807636385,215,Frontal_Mid_Orb_L,ParaHippocampal_L
922,8,39,9,40,-0.009897654132545817,0.009897654132545817,0.009897654132545817,4857,Frontal_Mid_Orb_L,ParaHippocampal_R
923,8,40,9,41,-0.055245012473173,0.055245012473173,0.055245012473173,2390,Frontal_Mid_Orb_L,Amygdala_L
924,8,41,9,42,-0.008540805853657709,0.008540805853657709,0.008540805853657709,4945,Frontal_Mid_Orb_L,Amygdala_R
925,8,42,9,43,0.04295992247494818,0.04295992247494818,0.04295992247494818,2871,Frontal_Mid_Orb_L,Calcarine_L
926,8,43,9,44,0.042729524759536196,0.042729524759536196,0.042729524759536196,2880,Frontal_Mid_Orb_L,Calcarine_R
927,8,44,9,45,0.07373450648851129,0.07373450648851129,0.07373450648851129,1810,Frontal_Mid_Orb_L,Cuneus_L
928,8,45,9,46,0.059586436018896786,0.059586436018896786,0.059586436018896786,2241,Frontal_Mid_Orb_L,Cuneus_R
929,8,46,9,47,0.09316146248950415,0.09316146248950415,0.09316146248950415,1383,Frontal_Mid_Orb_L,Lingual_L
930,8,47,9,48,0.06974464837470287,0.06974464837470287,0.06974464837470287,1913,Frontal_Mid_Orb_L,Lingual_R
931,8,48,9,49,0.08509697469663378,0.08509697469663378,0.08509697469663378,1543,Frontal_Mid_Orb_L,Occipital_Sup_L
932,8,49,9,50,0.06152441985016254,0.06152441985016254,0.06152441985016254,2181,Frontal_Mid_Orb_L,Occipital_Sup_R
933,8,50,9,51,0.004614370616162283,0.004614370616162283,0.004614370616162283,5225,Frontal_Mid_Orb_L,Occipital_Mid_L
934,8,51,9,52,-0.03073188347674138,0.03073188347674138,0.03073188347674138,3517,Frontal_Mid_Orb_L,Occipital_Mid_R
935,8,52,9,53,0.029675845246615006,0.029675845246615006,0.029675845246615006,3579,Frontal_Mid_Orb_L,Occipital_Inf_L
936,8,53,9,54,0.017842306685222877,0.017842306685222877,0.017842306685222877,4290,Frontal_Mid_Orb_L,Occipital_Inf_R
937,8,54,9,55,-0.031492787884103875,0.031492787884103875,0.031492787884103875,3461,Frontal_Mid_Orb_L,Fusiform_L
938,8,55,9,56,0.06141531248384822,0.06141531248384822,0.06141531248384822,2185,Frontal_Mid_Orb_L,Fusiform_R
939,8,56,9,57,0.0584518838228851,0.0584518838228851,0.0584518838228851,2277,Frontal_Mid_Orb_L,Postcentral_L
940,8,57,9,58,0.06419682559269717,0.06419682559269717,0.06419682559269717,2086,Frontal_Mid_Orb_L,Postcentral_R
941,8,58,9,59,0.0005765370822359626,0.0005765370822359626,0.0005765370822359626,5786,Frontal_Mid_Orb_L,Parietal_Sup_L
942,8,59,9,60,0.0005667052741247184,0.0005667052741247184,0.0005667052741247184,5812,Frontal_Mid_Orb_L,Parietal_Sup_R
943,8,60,9,61,-0.07182216132117085,0.07182216132117085,0.07182216132117085,1855,Frontal_Mid_Orb_L,Parietal_Inf_L
944,8,61,9,62,0.0005068450551423631,0.0005068450551423631,0.0005068450551423631,6049,Frontal_Mid_Orb_L,Parietal_Inf_R
945,8,62,9,63,0.00047819711405252397,0.00047819711405252397,0.00047819711405252397,6270,Frontal_Mid_Orb_L,SupraMarginal_L
946,8,63,9,64,-0.15773207543207762,0.15773207543207762,0.15773207543207762,550,Frontal_Mid_Orb_L,SupraMarginal_R
947,8,64,9,65,-0.23564530875098078,0.23564530875098078,0.23564530875098078,199,Frontal_Mid_Orb_L,Angular_L
948,8,65,9,66,0.0008564839101537021,0.0008564839101537021,0.0008564839101537021,5595,Frontal_Mid_Orb_L,Angular_R
949,8,66,9,67,-0.09296209799079136,0.09296209799079136,0.09296209799079136,1386,Frontal_Mid_Orb_L,Precuneus_L
950,8,67,9,68,-0.1159535967830223,0.1159535967830223,0.1159535967830223,995,Frontal_Mid_Orb_L,Precuneus_R
951,8,68,9,69,0.10236331753144919,0.10236331753144919,0.10236331753144919,1206,Frontal_Mid_Orb_L,Paracentral_Lobule_L
952,8,69,9,70,0.08918834590539183,0.08918834590539183,0.08918834590539183,1451,Frontal_Mid_Orb_L,Paracentral_Lobule_R
953,8,70,9,71,0.1422157326924164,0.1422157326924164,0.1422157326924164,707,Frontal_Mid_Orb_L,Caudate_L
954,8,71,9,72,0.17748975421724156,0.17748975421724156,0.17748975421724156,423,Frontal_Mid_Orb_L,Caudate_R
955,8,72,9,73,0.07486748688597962,0.07486748688597962,0.07486748688597962,1782,Frontal_Mid_Orb_L,Putamen_L
956,8,73,9,74,0.003601624882230579,0.003601624882230579,0.003601624882230579,5308,Frontal_Mid_Orb_L,Putamen_R
957,8,74,9,75,-0.005523702624583285,0.005523702624583285,0.005523702624583285,5154,Frontal_Mid_Orb_L,Pallidum_L
958,8,75,9,76,0.0323865270739478,0.0323865270739478,0.0323865270739478,3408,Frontal_Mid_Orb_L,Pallidum_R
959,8,76,9,77,0.32605431757189685,0.32605431757189685,0.32605431757189685,53,Frontal_Mid_Orb_L,Thalamus_L
960,8,77,9,78,0.1508909277789631,0.1508909277789631,0.1508909277789631,615,Frontal_Mid_Orb_L,Thalamus_R
961,8,78,9,79,0.06165471607032833,0.06165471607032833,0.06165471607032833,2175,Frontal_Mid_Orb_L,Heschl_L
962,8,79,9,80,0.07663155070850973,0.07663155070850973,0.07663155070850973,1741,Frontal_Mid_Orb_L,Heschl_R
963,8,80,9,81,-0.18700500193419287,0.18700500193419287,0.18700500193419287,377,Frontal_Mid_Orb_L,Temporal_Sup_L
964,8,81,9,82,0.031069080195435674,0.031069080195435674,0.031069080195435674,3489,Frontal_Mid_Orb_L,Temporal_Sup_R
965,8,82,9,83,0.10611704545415111,0.10611704545415111,0.10611704545415111,1142,Frontal_Mid_Orb_L,Temporal_Pole_Sup_L
966,8,83,9,84,-0.14014105336087826,0.14014105336087826,0.14014105336087826,727,Frontal_Mid_Orb_L,Temporal_Pole_Sup_R
967,8,84,9,85,-0.05292715915653499,0.05292715915653499,0.05292715915653499,2470,Frontal_Mid_Orb_L,Temporal_Mid_L
968,8,85,9,86,-0.15599205844857006,0.15599205844857006,0.15599205844857006,561,Frontal_Mid_Orb_L,Temporal_Mid_R
969,8,86,9,87,-0.28692130716678726,0.28692130716678726,0.28692130716678726,92,Frontal_Mid_Orb_L,Temporal_Pole_Mid_L
970,8,87,9,88,-0.07120953183057994,0.07120953183057994,0.07120953183057994,1869,Frontal_Mid_Orb_L,Temporal_Pole_Mid_R
971,8,88,9,89,-0.27880271161862896,0.27880271161862896,0.27880271161862896,103,Frontal_Mid_Orb_L,Temporal_Inf_L
972,8,89,9,90,0.0943618413513541,0.0943618413513541,0.0943618413513541,1353,Frontal_Mid_Orb_L,Temporal_Inf_R
973,8,90,9,91,0.17555645450889762,0.17555645450889762,0.17555645450889762,435,Frontal_Mid_Orb_L,Cerebelum_Crus1_L
974,8,91,9,92,0.16060033661660758,0.16060033661660758,0.16060033661660758,524,Frontal_Mid_Orb_L,Cerebelum_Crus1_R
975,8,92,9,93,-0.01366969676618064,0.01366969676618064,0.01366969676618064,4587,Frontal_Mid_Orb_L,Cerebelum_Crus2_L
976,8,93,9,94,0.005319249885509696,0.005319249885509696,0.005319249885509696,5167,Frontal_Mid_Orb_L,Cerebelum_Crus2_R
977,8,94,9,95,0.07076289996751503,0.07076289996751503,0.07076289996751503,1886,Frontal_Mid_Orb_L,Cerebelum_3_L
978,8,95,9,96,-0.006596192831470204,0.006596192831470204,0.006596192831470204,5079,Frontal_Mid_Orb_L,Cerebelum_3_R
979,8,96,9,97,-0.1468263158111175,0.1468263158111175,0.1468263158111175,652,Frontal_Mid_Orb_L,Cerebelum_4_5_L
980,8,97,9,98,0.048079784978092475,0.048079784978092475,0.048079784978092475,2657,Frontal_Mid_Orb_L,Cerebelum_4_5_R
981,8,98,9,99,0.22063611949384515,0.22063611949384515,0.22063611949384515,241,Frontal_Mid_Orb_L,Cerebelum_6_L
982,8,99,9,100,0.11823511964219181,0.11823511964219181,0.11823511964219181,961,Frontal_Mid_Orb_L,Cerebelum_6_R
983,8,100,9,101,0.4101405578247974,0.4101405578247974,0.4101405578247974,25,Frontal_Mid_Orb_L,Cerebelum_7b_L
984,8,101,9,102,0.17077507225053484,0.17077507225053484,0.17077507225053484,467,Frontal_Mid_Orb_L,Cerebelum_7b_R
985,8,102,9,103,0.009685684713742936,0.009685684713742936,0.009685684713742936,4870,Frontal_Mid_Orb_L,Cerebelum_8_L
986,8,103,9,104,0.01023424248842584,0.01023424248842584,0.01023424248842584,4836,Frontal_Mid_Orb_L,Cerebelum_8_R
987,8,104,9,105,-0.03453898816980038,0.03453898816980038,0.03453898816980038,3282,Frontal_Mid_Orb_L,Cerebelum_9_L
988,8,105,9,106,-0.055397357545965725,0.055397357545965725,0.055397357545965725,2384,Frontal_Mid_Orb_L,Cerebelum_9_R
989,8,106,9,107,0.00958545232135908,0.00958545232135908,0.00958545232135908,4881,Frontal_Mid_Orb_L,Cerebelum_10_L
990,8,107,9,108,-0.004936575400518884,0.004936575400518884,0.004936575400518884,5201,Frontal_Mid_Orb_L,Cerebelum_10_R
991,8,108,9,109,-0.05021146293684652,0.05021146293684652,0.05021146293684652,2580,Frontal_Mid_Orb_L,Vermis_1_2
992,8,109,9,110,-0.03860677294432916,0.03860677294432916,0.03860677294432916,3093,Frontal_Mid_Orb_L,Vermis_3
993,8,110,9,111,0.00927436024794129,0.00927436024794129,0.00927436024794129,4903,Frontal_Mid_Orb_L,Vermis_4_5
994,8,111,9,112,0.004438986961741845,0.004438986961741845,0.004438986961741845,5236,Frontal_Mid_Orb_L,Vermis_6
995,8,112,9,113,0.000880150607748712,0.000880150607748712,0.000880150607748712,5532,Frontal_Mid_Orb_L,Vermis_7
996,8,113,9,114,0.03299495467735377,0.03299495467735377,0.03299495467735377,3373,Frontal_Mid_Orb_L,Vermis_8
997,8,114,9,115,0.1373499318121302,0.1373499318121302,0.1373499318121302,753,Frontal_Mid_Orb_L,Vermis_9
998,8,115,9,116,0.023411698372108648,0.023411698372108648,0.023411698372108648,3942,Frontal_Mid_Orb_L,Vermis_10
999,9,10,10,11,0.0004694868749675717,0.0004694868749675717,0.0004694868749675717,6361,Frontal_Mid_Orb_R,Frontal_Inf_Oper_L
1000,9,11,10,12,0.10706818336349612,0.10706818336349612,0.10706818336349612,1128,Frontal_Mid_Orb_R,Frontal_Inf_Oper_R
1001,9,12,10,13,0.06357982539754087,0.06357982539754087,0.06357982539754087,2112,Frontal_Mid_Orb_R,Frontal_Inf_Tri_L
1002,9,13,10,14,0.1607260776533036,0.1607260776533036,0.1607260776533036,523,Frontal_Mid_Orb_R,Frontal_Inf_Tri_R
1003,9,14,10,15,0.11632818879558883,0.11632818879558883,0.11632818879558883,986,Frontal_Mid_Orb_R,Frontal_Inf_Orb_L
1004,9,15,10,16,0.08509307058546114,0.08509307058546114,0.08509307058546114,1544,Frontal_Mid_Orb_R,Frontal_Inf_Orb_R
1005,9,16,10,17,-0.1104860479891505,0.1104860479891505,0.1104860479891505,1080,Frontal_Mid_Orb_R,Rolandic_Oper_L
1006,9,17,10,18,-0.055298828042426904,0.055298828042426904,0.055298828042426904,2389,Frontal_Mid_Orb_R,Rolandic_Oper_R
1007,9,18,10,19,0.05186385415298289,0.05186385415298289,0.05186385415298289,2511,Frontal_Mid_Orb_R,Supp_Motor_Area_L
1008,9,19,10,20,0.08307580417914719,0.08307580417914719,0.08307580417914719,1586,Frontal_Mid_Orb_R,Supp_Motor_Area_R
1009,9,20,10,21,-0.022108643998500325,0.022108643998500325,0.022108643998500325,4042,Frontal_Mid_Orb_R,Olfactory_L
1010,9,21,10,22,-0.01785797728474098,0.01785797728474098,0.01785797728474098,4288,Frontal_Mid_Orb_R,Olfactory_R
1011,9,22,10,23,0.06776338671984627,0.06776338671984627,0.06776338671984627,1972,Frontal_Mid_Orb_R,Frontal_Sup_Medial_L
1012,9,23,10,24,0.05838175250268787,0.05838175250268787,0.05838175250268787,2280,Frontal_Mid_Orb_R,Frontal_Sup_Medial_R
1013,9,24,10,25,-0.3165241973243704,0.3165241973243704,0.3165241973243704,61,Frontal_Mid_Orb_R,Frontal_Med_Orb_L
1014,9,25,10,26,-0.08301001851775316,0.08301001851775316,0.08301001851775316,1589,Frontal_Mid_Orb_R,Frontal_Med_Orb_R
1015,9,26,10,27,-0.041005444482703754,0.041005444482703754,0.041005444482703754,2976,Frontal_Mid_Orb_R,Rectus_L
1016,9,27,10,28,0.11711640582116546,0.11711640582116546,0.11711640582116546,974,Frontal_Mid_Orb_R,Rectus_R
1017,9,28,10,29,0.08176486534008348,0.08176486534008348,0.08176486534008348,1615,Frontal_Mid_Orb_R,Insula_L
1018,9,29,10,30,0.05758880058105856,0.05758880058105856,0.05758880058105856,2311,Frontal_Mid_Orb_R,Insula_R
1019,9,30,10,31,-0.16345328798072176,0.16345328798072176,0.16345328798072176,507,Frontal_Mid_Orb_R,Cingulum_Ant_L
1020,9,31,10,32,-0.016080439401292255,0.016080439401292255,0.016080439401292255,4403,Frontal_Mid_Orb_R,Cingulum_Ant_R
1021,9,32,10,33,-0.002638236541483288,0.002638236541483288,0.002638236541483288,5380,Frontal_Mid_Orb_R,Cingulum_Mid_L
1022,9,33,10,34,-0.023520816581686886,0.023520816581686886,0.023520816581686886,3939,Frontal_Mid_Orb_R,Cingulum_Mid_R
1023,9,34,10,35,-0.10535043773342292,0.10535043773342292,0.10535043773342292,1154,Frontal_Mid_Orb_R,Cingulum_Post_L
1024,9,35,10,36,0.04478832260835793,0.04478832260835793,0.04478832260835793,2793,Frontal_Mid_Orb_R,Cingulum_Post_R
1025,9,36,10,37,-0.1125177602491873,0.1125177602491873,0.1125177602491873,1049,Frontal_Mid_Orb_R,Hippocampus_L
1026,9,37,10,38,-0.2218520468428595,0.2218520468428595,0.2218520468428595,236,Frontal_Mid_Orb_R,Hippocampus_R
1027,9,38,10,39,-0.06881248422222593,0.06881248422222593,0.06881248422222593,1937,Frontal_Mid_Orb_R,ParaHippocampal_L
1028,9,39,10,40,0.045641072368645876,0.045641072368645876,0.045641072368645876,2764,Frontal_Mid_Orb_R,ParaHippocampal_R
1029,9,40,10,41,-0.12717505389592704,0.12717505389592704,0.12717505389592704,856,Frontal_Mid_Orb_R,Amygdala_L
1030,9,41,10,42,-0.02286383659404895,0.02286383659404895,0.02286383659404895,3989,Frontal_Mid_Orb_R,Amygdala_R
1031,9,42,10,43,-0.015132836244766155,0.015132836244766155,0.015132836244766155,4471,Frontal_Mid_Orb_R,Calcarine_L
1032,9,43,10,44,-0.044143728046182995,0.044143728046182995,0.044143728046182995,2824,Frontal_Mid_Orb_R,Calcarine_R
1033,9,44,10,45,0.02644057773850509,0.02644057773850509,0.02644057773850509,3765,Frontal_Mid_Orb_R,Cuneus_L
1034,9,45,10,46,8.556964339381257e-05,8.556964339381257e-05,8.556964339381257e-05,6664,Frontal_Mid_Orb_R,Cuneus_R
1035,9,46,10,47,0.014849374734907723,0.014849374734907723,0.014849374734907723,4489,Frontal_Mid_Orb_R,Lingual_L
1036,9,47,10,48,-0.025725456214123064,0.025725456214123064,0.025725456214123064,3805,Frontal_Mid_Orb_R,Lingual_R
1037,9,48,10,49,0.023845174057807457,0.023845174057807457,0.023845174057807457,3914,Frontal_Mid_Orb_R,Occipital_Sup_L
1038,9,49,10,50,0.004614401786694328,0.004614401786694328,0.004614401786694328,5224,Frontal_Mid_Orb_R,Occipital_Sup_R
1039,9,50,10,51,-0.04814475859898514,0.04814475859898514,0.04814475859898514,2655,Frontal_Mid_Orb_R,Occipital_Mid_L
1040,9,51,10,52,-0.057056104836522806,0.057056104836522806,0.057056104836522806,2335,Frontal_Mid_Orb_R,Occipital_Mid_R
1041,9,52,10,53,-0.030616737512628063,0.030616737512628063,0.030616737512628063,3520,Frontal_Mid_Orb_R,Occipital_Inf_L
1042,9,53,10,54,-0.014037408260143934,0.014037408260143934,0.014037408260143934,4544,Frontal_Mid_Orb_R,Occipital_Inf_R
1043,9,54,10,55,-0.017705883586142265,0.017705883586142265,0.017705883586142265,4295,Frontal_Mid_Orb_R,Fusiform_L
1044,9,55,10,56,0.009836344086240706,0.009836344086240706,0.009836344086240706,4861,Frontal_Mid_Orb_R,Fusiform_R
1045,9,56,10,57,-0.04250694160147043,0.04250694160147043,0.04250694160147043,2893,Frontal_Mid_Orb_R,Postcentral_L
1046,9,57,10,58,-0.05296104173090443,0.05296104173090443,0.05296104173090443,2466,Frontal_Mid_Orb_R,Postcentral_R
1047,9,58,10,59,0.0005425260024159625,0.0005425260024159625,0.0005425260024159625,5889,Frontal_Mid_Orb_R,Parietal_Sup_L
1048,9,59,10,60,0.0005681707696664157,0.0005681707696664157,0.0005681707696664157,5809,Frontal_Mid_Orb_R,Parietal_Sup_R
1049,9,60,10,61,-0.01671437756408041,0.01671437756408041,0.01671437756408041,4356,Frontal_Mid_Orb_R,Parietal_Inf_L
1050,9,61,10,62,0.0005320090339696826,0.0005320090339696826,0.0005320090339696826,5915,Frontal_Mid_Orb_R,Parietal_Inf_R
1051,9,62,10,63,0.000499598206524807,0.000499598206524807,0.000499598206524807,6093,Frontal_Mid_Orb_R,SupraMarginal_L
1052,9,63,10,64,4.709992964797876e-05,4.709992964797876e-05,4.709992964797876e-05,6667,Frontal_Mid_Orb_R,SupraMarginal_R
1053,9,64,10,65,0.12016556147536014,0.12016556147536014,0.12016556147536014,937,Frontal_Mid_Orb_R,Angular_L
1054,9,65,10,66,0.0008497486898400327,0.0008497486898400327,0.0008497486898400327,5608,Frontal_Mid_Orb_R,Angular_R
1055,9,66,10,67,0.03534176034779411,0.03534176034779411,0.03534176034779411,3234,Frontal_Mid_Orb_R,Precuneus_L
1056,9,67,10,68,-0.0437979304723349,0.0437979304723349,0.0437979304723349,2838,Frontal_Mid_Orb_R,Precuneus_R
1057,9,68,10,69,0.0020639227982251597,0.0020639227982251597,0.0020639227982251597,5420,Frontal_Mid_Orb_R,Paracentral_Lobule_L
1058,9,69,10,70,0.08519713173241336,0.08519713173241336,0.08519713173241336,1538,Frontal_Mid_Orb_R,Paracentral_Lobule_R
1059,9,70,10,71,-0.10386035458011945,0.10386035458011945,0.10386035458011945,1173,Frontal_Mid_Orb_R,Caudate_L
1060,9,71,10,72,-0.11977461005878845,0.11977461005878845,0.11977461005878845,944,Frontal_Mid_Orb_R,Caudate_R
1061,9,72,10,73,-0.0015518162848940518,0.0015518162848940518,0.0015518162848940518,5464,Frontal_Mid_Orb_R,Putamen_L
1062,9,73,10,74,-0.009755014772937415,0.009755014772937415,0.009755014772937415,4865,Frontal_Mid_Orb_R,Putamen_R
1063,9,74,10,75,0.03723240771953033,0.03723240771953033,0.03723240771953033,3148,Frontal_Mid_Orb_R,Pallidum_L
1064,9,75,10,76,0.005413684525443658,0.005413684525443658,0.005413684525443658,5165,Frontal_Mid_Orb_R,Pallidum_R
1065,9,76,10,77,-0.1804056370055631,0.1804056370055631,0.1804056370055631,402,Frontal_Mid_Orb_R,Thalamus_L
1066,9,77,10,78,-0.2093608691545912,0.2093608691545912,0.2093608691545912,275,Frontal_Mid_Orb_R,Thalamus_R
1067,9,78,10,79,0.06271920977143369,0.06271920977143369,0.06271920977143369,2133,Frontal_Mid_Orb_R,Heschl_L
1068,9,79,10,80,-0.028617559950980618,0.028617559950980618,0.028617559950980618,3627,Frontal_Mid_Orb_R,Heschl_R
1069,9,80,10,81,0.026723663015556298,0.026723663015556298,0.026723663015556298,3746,Frontal_Mid_Orb_R,Temporal_Sup_L
1070,9,81,10,82,0.037935148578378396,0.037935148578378396,0.037935148578378396,3120,Frontal_Mid_Orb_R,Temporal_Sup_R
1071,9,82,10,83,-0.026583723750732233,0.026583723750732233,0.026583723750732233,3755,Frontal_Mid_Orb_R,Temporal_Pole_Sup_L
1072,9,83,10,84,-0.07659453861343231,0.07659453861343231,0.07659453861343231,1743,Frontal_Mid_Orb_R,Temporal_Pole_Sup_R
1073,9,84,10,85,0.13253241042657649,0.13253241042657649,0.13253241042657649,796,Frontal_Mid_Orb_R,Temporal_Mid_L
1074,9,85,10,86,0.008978865434808308,0.008978865434808308,0.008978865434808308,4917,Frontal_Mid_Orb_R,Temporal_Mid_R
1075,9,86,10,87,-0.20400453034709368,0.20400453034709368,0.20400453034709368,292,Frontal_Mid_Orb_R,Temporal_Pole_Mid_L
1076,9,87,10,88,0.05178277143118026,0.05178277143118026,0.05178277143118026,2515,Frontal_Mid_Orb_R,Temporal_Pole_Mid_R
1077,9,88,10,89,-0.2665670741175509,0.2665670741175509,0.2665670741175509,119,Frontal_Mid_Orb_R,Temporal_Inf_L
1078,9,89,10,90,0.041100938044271756,0.041100938044271756,0.041100938044271756,2967,Frontal_Mid_Orb_R,Temporal_Inf_R
1079,9,90,10,91,0.16548959136617306,0.16548959136617306,0.16548959136617306,491,Frontal_Mid_Orb_R,Cerebelum_Crus1_L
1080,9,91,10,92,-0.013805181148062005,0.013805181148062005,0.013805181148062005,4572,Frontal_Mid_Orb_R,Cerebelum_Crus1_R
1081,9,92,10,93,0.2604721271943848,0.2604721271943848,0.2604721271943848,127,Frontal_Mid_Orb_R,Cerebelum_Crus2_L
1082,9,93,10,94,0.0033359596921931235,0.0033359596921931235,0.0033359596921931235,5328,Frontal_Mid_Orb_R,Cerebelum_Crus2_R
1083,9,94,10,95,0.14704181163243804,0.14704181163243804,0.14704181163243804,646,Frontal_Mid_Orb_R,Cerebelum_3_L
1084,9,95,10,96,-0.23951441533536716,0.23951441533536716,0.23951441533536716,186,Frontal_Mid_Orb_R,Cerebelum_3_R
1085,9,96,10,97,-0.06228402470050711,0.06228402470050711,0.06228402470050711,2150,Frontal_Mid_Orb_R,Cerebelum_4_5_L
1086,9,97,10,98,-0.0619778073775921,0.0619778073775921,0.0619778073775921,2158,Frontal_Mid_Orb_R,Cerebelum_4_5_R
1087,9,98,10,99,-0.09953514979007048,0.09953514979007048,0.09953514979007048,1255,Frontal_Mid_Orb_R,Cerebelum_6_L
1088,9,99,10,100,-0.24534731885155198,0.24534731885155198,0.24534731885155198,166,Frontal_Mid_Orb_R,Cerebelum_6_R
1089,9,100,10,101,0.5509666658530288,0.5509666658530288,0.5509666658530288,6,Frontal_Mid_Orb_R,Cerebelum_7b_L
1090,9,101,10,102,0.22445944583816102,0.22445944583816102,0.22445944583816102,228,Frontal_Mid_Orb_R,Cerebelum_7b_R
1091,9,102,10,103,-0.12198041622979486,0.12198041622979486,0.12198041622979486,912,Frontal_Mid_Orb_R,Cerebelum_8_L
1092,9,103,10,104,-0.05809115902588162,0.05809115902588162,0.05809115902588162,2293,Frontal_Mid_Orb_R,Cerebelum_8_R
1093,9,104,10,105,-0.07420157531646136,0.07420157531646136,0.07420157531646136,1798,Frontal_Mid_Orb_R,Cerebelum_9_L
1094,9,105,10,106,-0.16453885798285767,0.16453885798285767,0.16453885798285767,500,Frontal_Mid_Orb_R,Cerebelum_9_R
1095,9,106,10,107,-0.20456588321683428,0.20456588321683428,0.20456588321683428,290,Frontal_Mid_Orb_R,Cerebelum_10_L
1096,9,107,10,108,-0.029460345801416547,0.029460345801416547,0.029460345801416547,3593,Frontal_Mid_Orb_R,Cerebelum_10_R
1097,9,108,10,109,-0.05335200382523843,0.05335200382523843,0.05335200382523843,2452,Frontal_Mid_Orb_R,Vermis_1_2
1098,9,109,10,110,-0.06553305038486475,0.06553305038486475,0.06553305038486475,2047,Frontal_Mid_Orb_R,Vermis_3
1099,9,110,10,111,-0.08214045114949128,0.08214045114949128,0.08214045114949128,1605,Frontal_Mid_Orb_R,Vermis_4_5
1100,9,111,10,112,-0.10926759668128354,0.10926759668128354,0.10926759668128354,1094,Frontal_Mid_Orb_R,Vermis_6
1101,9,112,10,113,-0.04684759030237943,0.04684759030237943,0.04684759030237943,2718,Frontal_Mid_Orb_R,Vermis_7
1102,9,113,10,114,-0.10044080096487044,0.10044080096487044,0.10044080096487044,1236,Frontal_Mid_Orb_R,Vermis_8
1103,9,114,10,115,0.028681490683154117,0.028681490683154117,0.028681490683154117,3625,Frontal_Mid_Orb_R,Vermis_9
1104,9,115,10,116,-0.035323298440049784,0.035323298440049784,0.035323298440049784,3238,Frontal_Mid_Orb_R,Vermis_10
1105,10,11,11,12,0.000472382421971617,0.000472382421971617,0.000472382421971617,6337,Frontal_Inf_Oper_L,Frontal_Inf_Oper_R
1106,10,12,11,13,0.0004594069296161723,0.0004594069296161723,0.0004594069296161723,6458,Frontal_Inf_Oper_L,Frontal_Inf_Tri_L
1107,10,13,11,14,0.00047232726815798234,0.00047232726815798234,0.00047232726815798234,6338,Frontal_Inf_Oper_L,Frontal_Inf_Tri_R
1108,10,14,11,15,0.0004841390165605653,0.0004841390165605653,0.0004841390165605653,6200,Frontal_Inf_Oper_L,Frontal_Inf_Orb_L
1109,10,15,11,16,0.0004898559044737209,0.0004898559044737209,0.0004898559044737209,6153,Frontal_Inf_Oper_L,Frontal_Inf_Orb_R
1110,10,16,11,17,0.00046072941174962295,0.00046072941174962295,0.00046072941174962295,6446,Frontal_Inf_Oper_L,Rolandic_Oper_L
1111,10,17,11,18,0.00046331272608892354,0.00046331272608892354,0.00046331272608892354,6427,Frontal_Inf_Oper_L,Rolandic_Oper_R
1112,10,18,11,19,0.0004898621294333405,0.0004898621294333405,0.0004898621294333405,6152,Frontal_Inf_Oper_L,Supp_Motor_Area_L
1113,10,19,11,20,0.0004833184318653887,0.0004833184318653887,0.0004833184318653887,6202,Frontal_Inf_Oper_L,Supp_Motor_Area_R
1114,10,20,11,21,0.0004934192235269362,0.0004934192235269362,0.0004934192235269362,6131,Frontal_Inf_Oper_L,Olfactory_L
1115,10,21,11,22,0.000474180614215686,0.000474180614215686,0.000474180614215686,6315,Frontal_Inf_Oper_L,Olfactory_R
1116,10,22,11,23,0.00046863398529806697,0.00046863398529806697,0.00046863398529806697,6371,Frontal_Inf_Oper_L,Frontal_Sup_Medial_L
1117,10,23,11,24,0.00048565322186468955,0.00048565322186468955,0.00048565322186468955,6188,Frontal_Inf_Oper_L,Frontal_Sup_Medial_R
1118,10,24,11,25,0.0004660735051121868,0.0004660735051121868,0.0004660735051121868,6397,Frontal_Inf_Oper_L,Frontal_Med_Orb_L
1119,10,25,11,26,0.00047956598853630543,0.00047956598853630543,0.00047956598853630543,6246,Frontal_Inf_Oper_L,Frontal_Med_Orb_R
1120,10,26,11,27,0.00048334296138698944,0.00048334296138698944,0.00048334296138698944,6201,Frontal_Inf_Oper_L,Rectus_L
1121,10,27,11,28,0.00047831718033856073,0.00047831718033856073,0.00047831718033856073,6267,Frontal_Inf_Oper_L,Rectus_R
1122,10,28,11,29,0.0004575518145586734,0.0004575518145586734,0.0004575518145586734,6475,Frontal_Inf_Oper_L,Insula_L
1123,10,29,11,30,0.00045773801808584,0.00045773801808584,0.00045773801808584,6473,Frontal_Inf_Oper_L,Insula_R
1124,10,30,11,31,0.0004798834670792699,0.0004798834670792699,0.0004798834670792699,6239,Frontal_Inf_Oper_L,Cingulum_Ant_L
1125,10,31,11,32,0.00047869592714492985,0.00047869592714492985,0.00047869592714492985,6263,Frontal_Inf_Oper_L,Cingulum_Ant_R
1126,10,32,11,33,0.00047914993459904345,0.00047914993459904345,0.00047914993459904345,6255,Frontal_Inf_Oper_L,Cingulum_Mid_L
1127,10,33,11,34,0.00046844531910769806,0.00046844531910769806,0.00046844531910769806,6374,Frontal_Inf_Oper_L,Cingulum_Mid_R
1128,10,34,11,35,0.0004843012596578191,0.0004843012596578191,0.0004843012596578191,6199,Frontal_Inf_Oper_L,Cingulum_Post_L
1129,10,35,11,36,0.0004700846925737697,0.0004700846925737697,0.0004700846925737697,6354,Frontal_Inf_Oper_L,Cingulum_Post_R
1130,10,36,11,37,0.00047373957983731226,0.00047373957983731226,0.00047373957983731226,6319,Frontal_Inf_Oper_L,Hippocampus_L
1131,10,37,11,38,0.0004790427961078149,0.0004790427961078149,0.0004790427961078149,6256,Frontal_Inf_Oper_L,Hippocampus_R
1132,10,38,11,39,0.0004799955560359419,0.0004799955560359419,0.0004799955560359419,6237,Frontal_Inf_Oper_L,ParaHippocampal_L
1133,10,39,11,40,0.0004779842924756698,0.0004779842924756698,0.0004779842924756698,6274,Frontal_Inf_Oper_L,ParaHippocampal_R
1134,10,40,11,41,0.0004720790833322212,0.0004720790833322212,0.0004720790833322212,6341,Frontal_Inf_Oper_L,Amygdala_L
1135,10,41,11,42,0.00048059675363516986,0.00048059675363516986,0.00048059675363516986,6228,Frontal_Inf_Oper_L,Amygdala_R
1136,10,42,11,43,0.000464874972586524,0.000464874972586524,0.000464874972586524,6410,Frontal_Inf_Oper_L,Calcarine_L
1137,10,43,11,44,0.00047542113986202616,0.00047542113986202616,0.00047542113986202616,6305,Frontal_Inf_Oper_L,Calcarine_R
1138,10,44,11,45,0.0004852725100357221,0.0004852725100357221,0.0004852725100357221,6191,Frontal_Inf_Oper_L,Cuneus_L
1139,10,45,11,46,0.0004860183911351206,0.0004860183911351206,0.0004860183911351206,6184,Frontal_Inf_Oper_L,Cuneus_R
1140,10,46,11,47,0.0004802728922346156,0.0004802728922346156,0.0004802728922346156,6234,Frontal_Inf_Oper_L,Lingual_L
1141,10,47,11,48,0.00048299130020856655,0.00048299130020856655,0.00048299130020856655,6205,Frontal_Inf_Oper_L,Lingual_R
1142,10,48,11,49,0.0004954437954716471,0.0004954437954716471,0.0004954437954716471,6120,Frontal_Inf_Oper_L,Occipital_Sup_L
1143,10,49,11,50,0.0004812627244889871,0.0004812627244889871,0.0004812627244889871,6217,Frontal_Inf_Oper_L,Occipital_Sup_R
1144,10,50,11,51,0.0004832601395142298,0.0004832601395142298,0.0004832601395142298,6203,Frontal_Inf_Oper_L,Occipital_Mid_L
1145,10,51,11,52,0.00048688444042220146,0.00048688444042220146,0.00048688444042220146,6175,Frontal_Inf_Oper_L,Occipital_Mid_R
1146,10,52,11,53,0.0004799727066413466,0.0004799727066413466,0.0004799727066413466,6238,Frontal_Inf_Oper_L,Occipital_Inf_L
1147,10,53,11,54,0.00046576489233489003,0.00046576489233489003,0.00046576489233489003,6403,Frontal_Inf_Oper_L,Occipital_Inf_R
1148,10,54,11,55,0.0004550627898056928,0.0004550627898056928,0.0004550627898056928,6490,Frontal_Inf_Oper_L,Fusiform_L
1149,10,55,11,56,0.00048044488164750767,0.00048044488164750767,0.00048044488164750767,6233,Frontal_Inf_Oper_L,Fusiform_R
1150,10,56,11,57,0.00046332506664660187,0.00046332506664660187,0.00046332506664660187,6426,Frontal_Inf_Oper_L,Postcentral_L
1151,10,57,11,58,0.00046829605313577436,0.00046829605313577436,0.00046829605313577436,6375,Frontal_Inf_Oper_L,Postcentral_R
1152,10,58,11,59,0.000723817070035705,0.000723817070035705,0.000723817070035705,5647,Frontal_Inf_Oper_L,Parietal_Sup_L
1153,10,59,11,60,0.0007362755708816329,0.0007362755708816329,0.0007362755708816329,5645,Frontal_Inf_Oper_L,Parietal_Sup_R
1154,10,60,11,61,0.0004581150054604863,0.0004581150054604863,0.0004581150054604863,6470,Frontal_Inf_Oper_L,Parietal_Inf_L
1155,10,61,11,62,0.0006700822338758391,0.0006700822338758391,0.0006700822338758391,5655,Frontal_Inf_Oper_L,Parietal_Inf_R
1156,10,62,11,63,0.0006746664529215882,0.0006746664529215882,0.0006746664529215882,5654,Frontal_Inf_Oper_L,SupraMarginal_L
1157,10,63,11,64,0.00046621267303651983,0.00046621267303651983,0.00046621267303651983,6394,Frontal_Inf_Oper_L,SupraMarginal_R
1158,10,64,11,65,0.0004742581295807357,0.0004742581295807357,0.0004742581295807357,6313,Frontal_Inf_Oper_L,Angular_L
1159,10,65,11,66,0.0009623228807403298,0.0009623228807403298,0.0009623228807403298,5506,Frontal_Inf_Oper_L,Angular_R
1160,10,66,11,67,0.00048140414131254446,0.00048140414131254446,0.00048140414131254446,6215,Frontal_Inf_Oper_L,Precuneus_L
1161,10,67,11,68,0.0004862376249924681,0.0004862376249924681,0.0004862376249924681,6183,Frontal_Inf_Oper_L,Precuneus_R
1162,10,68,11,69,0.0004688681323859923,0.0004688681323859923,0.0004688681323859923,6368,Frontal_Inf_Oper_L,Paracentral_Lobule_L
1163,10,69,11,70,0.000475049908214661,0.000475049908214661,0.000475049908214661,6307,Frontal_Inf_Oper_L,Paracentral_Lobule_R
1164,10,70,11,71,0.000487717814249241,0.000487717814249241,0.000487717814249241,6168,Frontal_Inf_Oper_L,Caudate_L
1165,10,71,11,72,0.0004876840956948379,0.0004876840956948379,0.0004876840956948379,6169,Frontal_Inf_Oper_L,Caudate_R
1166,10,72,11,73,0.00047058382989052707,0.00047058382989052707,0.00047058382989052707,6352,Frontal_Inf_Oper_L,Putamen_L
1167,10,73,11,74,0.00047767839727977406,0.00047767839727977406,0.00047767839727977406,6280,Frontal_Inf_Oper_L,Putamen_R
1168,10,74,11,75,0.0004581120462799701,0.0004581120462799701,0.0004581120462799701,6471,Frontal_Inf_Oper_L,Pallidum_L
1169,10,75,11,76,0.00047864951466248135,0.00047864951466248135,0.00047864951466248135,6264,Frontal_Inf_Oper_L,Pallidum_R
1170,10,76,11,77,0.0004977562655417422,0.0004977562655417422,0.0004977562655417422,6102,Frontal_Inf_Oper_L,Thalamus_L
1171,10,77,11,78,0.0004792606015840826,0.0004792606015840826,0.0004792606015840826,6252,Frontal_Inf_Oper_L,Thalamus_R
1172,10,78,11,79,0.00047649251922651944,0.00047649251922651944,0.00047649251922651944,6288,Frontal_Inf_Oper_L,Heschl_L
1173,10,79,11,80,0.0004650662575468747,0.0004650662575468747,0.0004650662575468747,6409,Frontal_Inf_Oper_L,Heschl_R
1174,10,80,11,81,0.0004601105748747156,0.0004601105748747156,0.0004601105748747156,6454,Frontal_Inf_Oper_L,Temporal_Sup_L
1175,10,81,11,82,0.00047627321823768567,0.00047627321823768567,0.00047627321823768567,6291,Frontal_Inf_Oper_L,Temporal_Sup_R
1176,10,82,11,83,0.0004923007484818728,0.0004923007484818728,0.0004923007484818728,6139,Frontal_Inf_Oper_L,Temporal_Pole_Sup_L
1177,10,83,11,84,0.000489957749384801,0.000489957749384801,0.000489957749384801,6151,Frontal_Inf_Oper_L,Temporal_Pole_Sup_R
1178,10,84,11,85,0.0004796108927170635,0.0004796108927170635,0.0004796108927170635,6243,Frontal_Inf_Oper_L,Temporal_Mid_L
1179,10,85,11,86,0.0004886804589232703,0.0004886804589232703,0.0004886804589232703,6156,Frontal_Inf_Oper_L,Temporal_Mid_R
1180,10,86,11,87,0.0004825644875841242,0.0004825644875841242,0.0004825644875841242,6209,Frontal_Inf_Oper_L,Temporal_Pole_Mid_L
1181,10,87,11,88,0.00048313299057828535,0.00048313299057828535,0.00048313299057828535,6204,Frontal_Inf_Oper_L,Temporal_Pole_Mid_R
1182,10,88,11,89,0.0004897147861199041,0.0004897147861199041,0.0004897147861199041,6154,Frontal_Inf_Oper_L,Temporal_Inf_L
1183,10,89,11,90,0.000496633593193227,0.000496633593193227,0.000496633593193227,6111,Frontal_Inf_Oper_L,Temporal_Inf_R
1184,10,90,11,91,0.00048791449704469896,0.00048791449704469896,0.00048791449704469896,6166,Frontal_Inf_Oper_L,Cerebelum_Crus1_L
1185,10,91,11,92,0.00047319508332910337,0.00047319508332910337,0.00047319508332910337,6325,Frontal_Inf_Oper_L,Cerebelum_Crus1_R
1186,10,92,11,93,0.0004675601793670763,0.0004675601793670763,0.0004675601793670763,6385,Frontal_Inf_Oper_L,Cerebelum_Crus2_L
1187,10,93,11,94,0.0004806003219901481,0.0004806003219901481,0.0004806003219901481,6227,Frontal_Inf_Oper_L,Cerebelum_Crus2_R
1188,10,94,11,95,0.0004859897454634736,0.0004859897454634736,0.0004859897454634736,6185,Frontal_Inf_Oper_L,Cerebelum_3_L
1189,10,95,11,96,0.0004754341412458984,0.0004754341412458984,0.0004754341412458984,6304,Frontal_Inf_Oper_L,Cerebelum_3_R
1190,10,96,11,97,0.0004681628004939735,0.0004681628004939735,0.0004681628004939735,6376,Frontal_Inf_Oper_L,Cerebelum_4_5_L
1191,10,97,11,98,0.00046336982366104203,0.00046336982366104203,0.00046336982366104203,6425,Frontal_Inf_Oper_L,Cerebelum_4_5_R
1192,10,98,11,99,0.0004794212619969347,0.0004794212619969347,0.0004794212619969347,6248,Frontal_Inf_Oper_L,Cerebelum_6_L
1193,10,99,11,100,0.0004796654860719187,0.0004796654860719187,0.0004796654860719187,6242,Frontal_Inf_Oper_L,Cerebelum_6_R
1194,10,100,11,101,0.0004709735656020406,0.0004709735656020406,0.0004709735656020406,6349,Frontal_Inf_Oper_L,Cerebelum_7b_L
1195,10,101,11,102,0.0004673448072157423,0.0004673448072157423,0.0004673448072157423,6390,Frontal_Inf_Oper_L,Cerebelum_7b_R
1196,10,102,11,103,0.0004592327493289753,0.0004592327493289753,0.0004592327493289753,6461,Frontal_Inf_Oper_L,Cerebelum_8_L
1197,10,103,11,104,0.000465192271688914,0.000465192271688914,0.000465192271688914,6408,Frontal_Inf_Oper_L,Cerebelum_8_R
1198,10,104,11,105,0.00047606445734013007,0.00047606445734013007,0.00047606445734013007,6293,Frontal_Inf_Oper_L,Cerebelum_9_L
1199,10,105,11,106,0.00048819534555621843,0.00048819534555621843,0.00048819534555621843,6163,Frontal_Inf_Oper_L,Cerebelum_9_R
1200,10,106,11,107,0.00047854030742701446,0.00047854030742701446,0.00047854030742701446,6266,Frontal_Inf_Oper_L,Cerebelum_10_L
1201,10,107,11,108,0.00046378836278290324,0.00046378836278290324,0.00046378836278290324,6421,Frontal_Inf_Oper_L,Cerebelum_10_R
1202,10,108,11,109,0.0005076857914945031,0.0005076857914945031,0.0005076857914945031,6040,Frontal_Inf_Oper_L,Vermis_1_2
1203,10,109,11,110,0.00044213861961046197,0.00044213861961046197,0.00044213861961046197,6526,Frontal_Inf_Oper_L,Vermis_3
1204,10,110,11,111,0.00047432326512807956,0.00047432326512807956,0.00047432326512807956,6311,Frontal_Inf_Oper_L,Vermis_4_5
1205,10,111,11,112,0.00047566523403967583,0.00047566523403967583,0.00047566523403967583,6298,Frontal_Inf_Oper_L,Vermis_6
1206,10,112,11,113,0.0004646604257851905,0.0004646604257851905,0.0004646604257851905,6411,Frontal_Inf_Oper_L,Vermis_7
1207,10,113,11,114,0.00047877496534211295,0.00047877496534211295,0.00047877496534211295,6262,Frontal_Inf_Oper_L,Vermis_8
1208,10,114,11,115,0.0004813291806220222,0.0004813291806220222,0.0004813291806220222,6216,Frontal_Inf_Oper_L,Vermis_9
1209,10,115,11,116,0.00045715337944108225,0.00045715337944108225,0.00045715337944108225,6480,Frontal_Inf_Oper_L,Vermis_10
1210,11,12,12,13,0.1596895050116088,0.1596895050116088,0.1596895050116088,532,Frontal_Inf_Oper_R,Frontal_Inf_Tri_L
1211,11,13,12,14,0.19780691422357227,0.19780691422357227,0.19780691422357227,309,Frontal_Inf_Oper_R,Frontal_Inf_Tri_R
1212,11,14,12,15,-0.023641968349934223,0.023641968349934223,0.023641968349934223,3929,Frontal_Inf_Oper_R,Frontal_Inf_Orb_L
1213,11,15,12,16,0.13460193824125466,0.13460193824125466,0.13460193824125466,774,Frontal_Inf_Oper_R,Frontal_Inf_Orb_R
1214,11,16,12,17,-0.06593632140180819,0.06593632140180819,0.06593632140180819,2039,Frontal_Inf_Oper_R,Rolandic_Oper_L
1215,11,17,12,18,-0.16791097077823675,0.16791097077823675,0.16791097077823675,477,Frontal_Inf_Oper_R,Rolandic_Oper_R
1216,11,18,12,19,-0.1050187887193736,0.1050187887193736,0.1050187887193736,1160,Frontal_Inf_Oper_R,Supp_Motor_Area_L
1217,11,19,12,20,0.3613087330644069,0.3613087330644069,0.3613087330644069,34,Frontal_Inf_Oper_R,Supp_Motor_Area_R
1218,11,20,12,21,-0.007040537350323182,0.007040537350323182,0.007040537350323182,5048,Frontal_Inf_Oper_R,Olfactory_L
1219,11,21,12,22,-0.029863007311430736,0.029863007311430736,0.029863007311430736,3568,Frontal_Inf_Oper_R,Olfactory_R
1220,11,22,12,23,-0.006676519941093342,0.006676519941093342,0.006676519941093342,5073,Frontal_Inf_Oper_R,Frontal_Sup_Medial_L
1221,11,23,12,24,0.010289583693351093,0.010289583693351093,0.010289583693351093,4827,Frontal_Inf_Oper_R,Frontal_Sup_Medial_R
1222,11,24,12,25,-0.27262391247940243,0.27262391247940243,0.27262391247940243,110,Frontal_Inf_Oper_R,Frontal_Med_Orb_L
1223,11,25,12,26,-0.1308281013039818,0.1308281013039818,0.1308281013039818,814,Frontal_Inf_Oper_R,Frontal_Med_Orb_R
1224,11,26,12,27,-0.05764226508731347,0.05764226508731347,0.05764226508731347,2307,Frontal_Inf_Oper_R,Rectus_L
1225,11,27,12,28,-0.13107786837993046,0.13107786837993046,0.13107786837993046,808,Frontal_Inf_Oper_R,Rectus_R
1226,11,28,12,29,0.38977424965006735,0.38977424965006735,0.38977424965006735,29,Frontal_Inf_Oper_R,Insula_L
1227,11,29,12,30,0.008185799776737996,0.008185799776737996,0.008185799776737996,4978,Frontal_Inf_Oper_R,Insula_R
1228,11,30,12,31,-0.13163373027270214,0.13163373027270214,0.13163373027270214,804,Frontal_Inf_Oper_R,Cingulum_Ant_L
1229,11,31,12,32,-0.3655736777327339,0.3655736777327339,0.3655736777327339,33,Frontal_Inf_Oper_R,Cingulum_Ant_R
1230,11,32,12,33,0.17722389257370152,0.17722389257370152,0.17722389257370152,425,Frontal_Inf_Oper_R,Cingulum_Mid_L
1231,11,33,12,34,0.12731870617595772,0.12731870617595772,0.12731870617595772,855,Frontal_Inf_Oper_R,Cingulum_Mid_R
1232,11,34,12,35,-0.16716551123328527,0.16716551123328527,0.16716551123328527,482,Frontal_Inf_Oper_R,Cingulum_Post_L
1233,11,35,12,36,-0.20821977147095078,0.20821977147095078,0.20821977147095078,279,Frontal_Inf_Oper_R,Cingulum_Post_R
1234,11,36,12,37,-0.07591435720526184,0.07591435720526184,0.07591435720526184,1764,Frontal_Inf_Oper_R,Hippocampus_L
1235,11,37,12,38,-0.09538161412266152,0.09538161412266152,0.09538161412266152,1326,Frontal_Inf_Oper_R,Hippocampus_R
1236,11,38,12,39,-0.03172122308652504,0.03172122308652504,0.03172122308652504,3449,Frontal_Inf_Oper_R,ParaHippocampal_L
1237,11,39,12,40,0.07882182928871007,0.07882182928871007,0.07882182928871007,1682,Frontal_Inf_Oper_R,ParaHippocampal_R
1238,11,40,12,41,0.11804431809693323,0.11804431809693323,0.11804431809693323,965,Frontal_Inf_Oper_R,Amygdala_L
1239,11,41,12,42,0.13637734753329164,0.13637734753329164,0.13637734753329164,760,Frontal_Inf_Oper_R,Amygdala_R
1240,11,42,12,43,-0.05931129124626016,0.05931129124626016,0.05931129124626016,2250,Frontal_Inf_Oper_R,Calcarine_L
1241,11,43,12,44,-0.024272707324496007,0.024272707324496007,0.024272707324496007,3893,Frontal_Inf_Oper_R,Calcarine_R
1242,11,44,12,45,-0.15811698837720717,0.15811698837720717,0.15811698837720717,545,Frontal_Inf_Oper_R,Cuneus_L
1243,11,45,12,46,-0.1283579418088968,0.1283579418088968,0.1283579418088968,841,Frontal_Inf_Oper_R,Cuneus_R
1244,11,46,12,47,-0.00028959392591633795,0.00028959392591633795,0.00028959392591633795,6647,Frontal_Inf_Oper_R,Lingual_L
1245,11,47,12,48,-0.03135531508883851,0.03135531508883851,0.03135531508883851,3469,Frontal_Inf_Oper_R,Lingual_R
1246,11,48,12,49,0.0956376432674107,0.0956376432674107,0.0956376432674107,1324,Frontal_Inf_Oper_R,Occipital_Sup_L
1247,11,49,12,50,0.01606894766383235,0.01606894766383235,0.01606894766383235,4406,Frontal_Inf_Oper_R,Occipital_Sup_R
1248,11,50,12,51,0.1638715199911072,0.1638715199911072,0.1638715199911072,505,Frontal_Inf_Oper_R,Occipital_Mid_L
1249,11,51,12,52,0.11456846763825848,0.11456846763825848,0.11456846763825848,1013,Frontal_Inf_Oper_R,Occipital_Mid_R
1250,11,52,12,53,0.10754812502315053,0.10754812502315053,0.10754812502315053,1117,Frontal_Inf_Oper_R,Occipital_Inf_L
1251,11,53,12,54,0.014563606612928812,0.014563606612928812,0.014563606612928812,4507,Frontal_Inf_Oper_R,Occipital_Inf_R
1252,11,54,12,55,0.060745870734598195,0.060745870734598195,0.060745870734598195,2210,Frontal_Inf_Oper_R,Fusiform_L
1253,11,55,12,56,0.03356410835797343,0.03356410835797343,0.03356410835797343,3335,Frontal_Inf_Oper_R,Fusiform_R
1254,11,56,12,57,-0.043790435913484645,0.043790435913484645,0.043790435913484645,2839,Frontal_Inf_Oper_R,Postcentral_L
1255,11,57,12,58,-0.13045957454101828,0.13045957454101828,0.13045957454101828,819,Frontal_Inf_Oper_R,Postcentral_R
1256,11,58,12,59,0.0005471957634471963,0.0005471957634471963,0.0005471957634471963,5874,Frontal_Inf_Oper_R,Parietal_Sup_L
1257,11,59,12,60,0.0005847959054613705,0.0005847959054613705,0.0005847959054613705,5781,Frontal_Inf_Oper_R,Parietal_Sup_R
1258,11,60,12,61,-0.2765969433959082,0.2765969433959082,0.2765969433959082,104,Frontal_Inf_Oper_R,Parietal_Inf_L
1259,11,61,12,62,0.00044879046735771103,0.00044879046735771103,0.00044879046735771103,6512,Frontal_Inf_Oper_R,Parietal_Inf_R
1260,11,62,12,63,0.0005227118142183143,0.0005227118142183143,0.0005227118142183143,5950,Frontal_Inf_Oper_R,SupraMarginal_L
1261,11,63,12,64,0.24992403545707062,0.24992403545707062,0.24992403545707062,157,Frontal_Inf_Oper_R,SupraMarginal_R
1262,11,64,12,65,-0.05361499709947262,0.05361499709947262,0.05361499709947262,2442,Frontal_Inf_Oper_R,Angular_L
1263,11,65,12,66,0.0008475645263763305,0.0008475645263763305,0.0008475645263763305,5612,Frontal_Inf_Oper_R,Angular_R
1264,11,66,12,67,0.11344198931860575,0.11344198931860575,0.11344198931860575,1029,Frontal_Inf_Oper_R,Precuneus_L
1265,11,67,12,68,-0.06267148585393294,0.06267148585393294,0.06267148585393294,2135,Frontal_Inf_Oper_R,Precuneus_R
1266,11,68,12,69,0.04586982258933123,0.04586982258933123,0.04586982258933123,2749,Frontal_Inf_Oper_R,Paracentral_Lobule_L
1267,11,69,12,70,-0.04294368584482303,0.04294368584482303,0.04294368584482303,2872,Frontal_Inf_Oper_R,Paracentral_Lobule_R
1268,11,70,12,71,0.15520340620799347,0.15520340620799347,0.15520340620799347,566,Frontal_Inf_Oper_R,Caudate_L
1269,11,71,12,72,0.1485601158326944,0.1485601158326944,0.1485601158326944,633,Frontal_Inf_Oper_R,Caudate_R
1270,11,72,12,73,0.12324488974838238,0.12324488974838238,0.12324488974838238,896,Frontal_Inf_Oper_R,Putamen_L
1271,11,73,12,74,0.17697129500904468,0.17697129500904468,0.17697129500904468,426,Frontal_Inf_Oper_R,Putamen_R
1272,11,74,12,75,-0.22186077967226714,0.22186077967226714,0.22186077967226714,234,Frontal_Inf_Oper_R,Pallidum_L
1273,11,75,12,76,-0.02462731884280601,0.02462731884280601,0.02462731884280601,3865,Frontal_Inf_Oper_R,Pallidum_R
1274,11,76,12,77,-0.10047222227185926,0.10047222227185926,0.10047222227185926,1235,Frontal_Inf_Oper_R,Thalamus_L
1275,11,77,12,78,-0.09354590444908938,0.09354590444908938,0.09354590444908938,1375,Frontal_Inf_Oper_R,Thalamus_R
1276,11,78,12,79,0.040957744663436685,0.040957744663436685,0.040957744663436685,2978,Frontal_Inf_Oper_R,Heschl_L
1277,11,79,12,80,-0.1198562050908767,0.1198562050908767,0.1198562050908767,942,Frontal_Inf_Oper_R,Heschl_R
1278,11,80,12,81,-0.06364682090067454,0.06364682090067454,0.06364682090067454,2109,Frontal_Inf_Oper_R,Temporal_Sup_L
1279,11,81,12,82,-0.23552490551423472,0.23552490551423472,0.23552490551423472,201,Frontal_Inf_Oper_R,Temporal_Sup_R
1280,11,82,12,83,0.12412677852022148,0.12412677852022148,0.12412677852022148,886,Frontal_Inf_Oper_R,Temporal_Pole_Sup_L
1281,11,83,12,84,0.10259130896581684,0.10259130896581684,0.10259130896581684,1205,Frontal_Inf_Oper_R,Temporal_Pole_Sup_R
1282,11,84,12,85,0.20101824293898415,0.20101824293898415,0.20101824293898415,301,Frontal_Inf_Oper_R,Temporal_Mid_L
1283,11,85,12,86,-0.1465228594555869,0.1465228594555869,0.1465228594555869,656,Frontal_Inf_Oper_R,Temporal_Mid_R
1284,11,86,12,87,0.06498462766525727,0.06498462766525727,0.06498462766525727,2058,Frontal_Inf_Oper_R,Temporal_Pole_Mid_L
1285,11,87,12,88,0.08251638911689159,0.08251638911689159,0.08251638911689159,1599,Frontal_Inf_Oper_R,Temporal_Pole_Mid_R
1286,11,88,12,89,0.2521479017428919,0.2521479017428919,0.2521479017428919,149,Frontal_Inf_Oper_R,Temporal_Inf_L
1287,11,89,12,90,0.5896616985999179,0.5896616985999179,0.5896616985999179,4,Frontal_Inf_Oper_R,Temporal_Inf_R
1288,11,90,12,91,0.06541369829670421,0.06541369829670421,0.06541369829670421,2050,Frontal_Inf_Oper_R,Cerebelum_Crus1_L
1289,11,91,12,92,-0.1704701734535507,0.1704701734535507,0.1704701734535507,469,Frontal_Inf_Oper_R,Cerebelum_Crus1_R
1290,11,92,12,93,-0.11948385856961229,0.11948385856961229,0.11948385856961229,948,Frontal_Inf_Oper_R,Cerebelum_Crus2_L
1291,11,93,12,94,0.029190964522664512,0.029190964522664512,0.029190964522664512,3604,Frontal_Inf_Oper_R,Cerebelum_Crus2_R
1292,11,94,12,95,0.15191147672589322,0.15191147672589322,0.15191147672589322,605,Frontal_Inf_Oper_R,Cerebelum_3_L
1293,11,95,12,96,-0.09780951545867116,0.09780951545867116,0.09780951545867116,1283,Frontal_Inf_Oper_R,Cerebelum_3_R
1294,11,96,12,97,0.1649220208346803,0.1649220208346803,0.1649220208346803,497,Frontal_Inf_Oper_R,Cerebelum_4_5_L
1295,11,97,12,98,-0.033552093178926407,0.033552093178926407,0.033552093178926407,3338,Frontal_Inf_Oper_R,Cerebelum_4_5_R
1296,11,98,12,99,0.1469763853718176,0.1469763853718176,0.1469763853718176,648,Frontal_Inf_Oper_R,Cerebelum_6_L
1297,11,99,12,100,0.18434608802593422,0.18434608802593422,0.18434608802593422,386,Frontal_Inf_Oper_R,Cerebelum_6_R
1298,11,100,12,101,0.0431839737354315,0.0431839737354315,0.0431839737354315,2862,Frontal_Inf_Oper_R,Cerebelum_7b_L
1299,11,101,12,102,-0.24726523226402683,0.24726523226402683,0.24726523226402683,161,Frontal_Inf_Oper_R,Cerebelum_7b_R
1300,11,102,12,103,-0.21495471632164762,0.21495471632164762,0.21495471632164762,259,Frontal_Inf_Oper_R,Cerebelum_8_L
1301,11,103,12,104,-0.1972112572725604,0.1972112572725604,0.1972112572725604,314,Frontal_Inf_Oper_R,Cerebelum_8_R
1302,11,104,12,105,-0.09491371744587827,0.09491371744587827,0.09491371744587827,1341,Frontal_Inf_Oper_R,Cerebelum_9_L
1303,11,105,12,106,-0.1436664957826634,0.1436664957826634,0.1436664957826634,688,Frontal_Inf_Oper_R,Cerebelum_9_R
1304,11,106,12,107,0.08228007719422172,0.08228007719422172,0.08228007719422172,1603,Frontal_Inf_Oper_R,Cerebelum_10_L
1305,11,107,12,108,0.10602449920710522,0.10602449920710522,0.10602449920710522,1145,Frontal_Inf_Oper_R,Cerebelum_10_R
1306,11,108,12,109,-0.01597016056029413,0.01597016056029413,0.01597016056029413,4416,Frontal_Inf_Oper_R,Vermis_1_2
1307,11,109,12,110,-0.1463208805222511,0.1463208805222511,0.1463208805222511,661,Frontal_Inf_Oper_R,Vermis_3
1308,11,110,12,111,-0.009650986969847668,0.009650986969847668,0.009650986969847668,4874,Frontal_Inf_Oper_R,Vermis_4_5
1309,11,111,12,112,-0.09998163607377447,0.09998163607377447,0.09998163607377447,1244,Frontal_Inf_Oper_R,Vermis_6
1310,11,112,12,113,-0.029977280333857468,0.029977280333857468,0.029977280333857468,3564,Frontal_Inf_Oper_R,Vermis_7
1311,11,113,12,114,-0.1332977021111974,0.1332977021111974,0.1332977021111974,786,Frontal_Inf_Oper_R,Vermis_8
1312,11,114,12,115,0.02260495091990787,0.02260495091990787,0.02260495091990787,4007,Frontal_Inf_Oper_R,Vermis_9
1313,11,115,12,116,-0.21539051264735998,0.21539051264735998,0.21539051264735998,258,Frontal_Inf_Oper_R,Vermis_10
1314,12,13,13,14,-0.03940147731226046,0.03940147731226046,0.03940147731226046,3058,Frontal_Inf_Tri_L,Frontal_Inf_Tri_R
1315,12,14,13,15,0.016786015242780176,0.016786015242780176,0.016786015242780176,4350,Frontal_Inf_Tri_L,Frontal_Inf_Orb_L
1316,12,15,13,16,0.23738176129845792,0.23738176129845792,0.23738176129845792,191,Frontal_Inf_Tri_L,Frontal_Inf_Orb_R
1317,12,16,13,17,-0.10383089199147708,0.10383089199147708,0.10383089199147708,1175,Frontal_Inf_Tri_L,Rolandic_Oper_L
1318,12,17,13,18,0.004057266351407022,0.004057266351407022,0.004057266351407022,5265,Frontal_Inf_Tri_L,Rolandic_Oper_R
1319,12,18,13,19,0.33890952332149177,0.33890952332149177,0.33890952332149177,37,Frontal_Inf_Tri_L,Supp_Motor_Area_L
1320,12,19,13,20,0.11957341565309211,0.11957341565309211,0.11957341565309211,945,Frontal_Inf_Tri_L,Supp_Motor_Area_R
1321,12,20,13,21,0.0003352942273631088,0.0003352942273631088,0.0003352942273631088,6576,Frontal_Inf_Tri_L,Olfactory_L
1322,12,21,13,22,-0.020081859720061178,0.020081859720061178,0.020081859720061178,4161,Frontal_Inf_Tri_L,Olfactory_R
1323,12,22,13,23,-0.08699415946831938,0.08699415946831938,0.08699415946831938,1499,Frontal_Inf_Tri_L,Frontal_Sup_Medial_L
1324,12,23,13,24,0.0347607581690445,0.0347607581690445,0.0347607581690445,3266,Frontal_Inf_Tri_L,Frontal_Sup_Medial_R
1325,12,24,13,25,-0.08511178301292435,0.08511178301292435,0.08511178301292435,1542,Frontal_Inf_Tri_L,Frontal_Med_Orb_L
1326,12,25,13,26,0.054129417627269756,0.054129417627269756,0.054129417627269756,2429,Frontal_Inf_Tri_L,Frontal_Med_Orb_R
1327,12,26,13,27,0.08815947903679115,0.08815947903679115,0.08815947903679115,1476,Frontal_Inf_Tri_L,Rectus_L
1328,12,27,13,28,0.2034021084209289,0.2034021084209289,0.2034021084209289,293,Frontal_Inf_Tri_L,Rectus_R
1329,12,28,13,29,-0.0831981342424108,0.0831981342424108,0.0831981342424108,1583,Frontal_Inf_Tri_L,Insula_L
1330,12,29,13,30,-0.28525880999130077,0.28525880999130077,0.28525880999130077,95,Frontal_Inf_Tri_L,Insula_R
1331,12,30,13,31,-0.17462865574153472,0.17462865574153472,0.17462865574153472,442,Frontal_Inf_Tri_L,Cingulum_Ant_L
1332,12,31,13,32,-0.04315688997716034,0.04315688997716034,0.04315688997716034,2863,Frontal_Inf_Tri_L,Cingulum_Ant_R
1333,12,32,13,33,0.00209044516153347,0.00209044516153347,0.00209044516153347,5417,Frontal_Inf_Tri_L,Cingulum_Mid_L
1334,12,33,13,34,-0.09217117926337927,0.09217117926337927,0.09217117926337927,1400,Frontal_Inf_Tri_L,Cingulum_Mid_R
1335,12,34,13,35,-0.04038542479014734,0.04038542479014734,0.04038542479014734,3009,Frontal_Inf_Tri_L,Cingulum_Post_L
1336,12,35,13,36,-0.0912404190697877,0.0912404190697877,0.0912404190697877,1418,Frontal_Inf_Tri_L,Cingulum_Post_R
1337,12,36,13,37,0.03169711108965676,0.03169711108965676,0.03169711108965676,3451,Frontal_Inf_Tri_L,Hippocampus_L
1338,12,37,13,38,-0.021129506592580227,0.021129506592580227,0.021129506592580227,4102,Frontal_Inf_Tri_L,Hippocampus_R
1339,12,38,13,39,0.011907442447327615,0.011907442447327615,0.011907442447327615,4718,Frontal_Inf_Tri_L,ParaHippocampal_L
1340,12,39,13,40,0.07333132765384587,0.07333132765384587,0.07333132765384587,1815,Frontal_Inf_Tri_L,ParaHippocampal_R
1341,12,40,13,41,0.011087897984934753,0.011087897984934753,0.011087897984934753,4784,Frontal_Inf_Tri_L,Amygdala_L
1342,12,41,13,42,0.01998647283309012,0.01998647283309012,0.01998647283309012,4164,Frontal_Inf_Tri_L,Amygdala_R
1343,12,42,13,43,-0.05018883652447566,0.05018883652447566,0.05018883652447566,2582,Frontal_Inf_Tri_L,Calcarine_L
1344,12,43,13,44,-0.03166431511087951,0.03166431511087951,0.03166431511087951,3452,Frontal_Inf_Tri_L,Calcarine_R
1345,12,44,13,45,-0.026362594982237773,0.026362594982237773,0.026362594982237773,3771,Frontal_Inf_Tri_L,Cuneus_L
1346,12,45,13,46,0.0311994219835378,0.0311994219835378,0.0311994219835378,3479,Frontal_Inf_Tri_L,Cuneus_R
1347,12,46,13,47,0.03121654552873763,0.03121654552873763,0.03121654552873763,3478,Frontal_Inf_Tri_L,Lingual_L
1348,12,47,13,48,0.029857168246958134,0.029857168246958134,0.029857168246958134,3569,Frontal_Inf_Tri_L,Lingual_R
1349,12,48,13,49,0.14478601502679297,0.14478601502679297,0.14478601502679297,675,Frontal_Inf_Tri_L,Occipital_Sup_L
1350,12,49,13,50,0.05883584234963319,0.05883584234963319,0.05883584234963319,2266,Frontal_Inf_Tri_L,Occipital_Sup_R
1351,12,50,13,51,0.06354492737751144,0.06354492737751144,0.06354492737751144,2114,Frontal_Inf_Tri_L,Occipital_Mid_L
1352,12,51,13,52,-0.03404991160762968,0.03404991160762968,0.03404991160762968,3310,Frontal_Inf_Tri_L,Occipital_Mid_R
1353,12,52,13,53,0.009982997333179044,0.009982997333179044,0.009982997333179044,4850,Frontal_Inf_Tri_L,Occipital_Inf_L
1354,12,53,13,54,-0.10887352025116066,0.10887352025116066,0.10887352025116066,1096,Frontal_Inf_Tri_L,Occipital_Inf_R
1355,12,54,13,55,-0.04990765229737972,0.04990765229737972,0.04990765229737972,2597,Frontal_Inf_Tri_L,Fusiform_L
1356,12,55,13,56,0.10224896325275522,0.10224896325275522,0.10224896325275522,1208,Frontal_Inf_Tri_L,Fusiform_R
1357,12,56,13,57,0.04728746754592873,0.04728746754592873,0.04728746754592873,2688,Frontal_Inf_Tri_L,Postcentral_L
1358,12,57,13,58,0.08022266581472222,0.08022266581472222,0.08022266581472222,1649,Frontal_Inf_Tri_L,Postcentral_R
1359,12,58,13,59,0.0005714709868172674,0.0005714709868172674,0.0005714709868172674,5794,Frontal_Inf_Tri_L,Parietal_Sup_L
1360,12,59,13,60,0.0005767528296751702,0.0005767528296751702,0.0005767528296751702,5785,Frontal_Inf_Tri_L,Parietal_Sup_R
1361,12,60,13,61,-0.1787536331996081,0.1787536331996081,0.1787536331996081,414,Frontal_Inf_Tri_L,Parietal_Inf_L
1362,12,61,13,62,0.0004984573969120244,0.0004984573969120244,0.0004984573969120244,6097,Frontal_Inf_Tri_L,Parietal_Inf_R
1363,12,62,13,63,0.00046994336078693246,0.00046994336078693246,0.00046994336078693246,6355,Frontal_Inf_Tri_L,SupraMarginal_L
1364,12,63,13,64,-0.15497167555755129,0.15497167555755129,0.15497167555755129,569,Frontal_Inf_Tri_L,SupraMarginal_R
1365,12,64,13,65,0.2644328835241799,0.2644328835241799,0.2644328835241799,120,Frontal_Inf_Tri_L,Angular_L
1366,12,65,13,66,0.00089051285460534,0.00089051285460534,0.00089051285460534,5516,Frontal_Inf_Tri_L,Angular_R
1367,12,66,13,67,0.04129022348309266,0.04129022348309266,0.04129022348309266,2951,Frontal_Inf_Tri_L,Precuneus_L
1368,12,67,13,68,0.09832392226629354,0.09832392226629354,0.09832392226629354,1276,Frontal_Inf_Tri_L,Precuneus_R
1369,12,68,13,69,-0.012484618151670375,0.012484618151670375,0.012484618151670375,4678,Frontal_Inf_Tri_L,Paracentral_Lobule_L
1370,12,69,13,70,0.11331346386192563,0.11331346386192563,0.11331346386192563,1034,Frontal_Inf_Tri_L,Paracentral_Lobule_R
1371,12,70,13,71,0.25048737187857567,0.25048737187857567,0.25048737187857567,154,Frontal_Inf_Tri_L,Caudate_L
1372,12,71,13,72,0.05541689117801996,0.05541689117801996,0.05541689117801996,2382,Frontal_Inf_Tri_L,Caudate_R
1373,12,72,13,73,-0.2029674875460329,0.2029674875460329,0.2029674875460329,294,Frontal_Inf_Tri_L,Putamen_L
1374,12,73,13,74,0.06111715481880238,0.06111715481880238,0.06111715481880238,2195,Frontal_Inf_Tri_L,Putamen_R
1375,12,74,13,75,0.0760638512547899,0.0760638512547899,0.0760638512547899,1759,Frontal_Inf_Tri_L,Pallidum_L
1376,12,75,13,76,-0.11335732832452074,0.11335732832452074,0.11335732832452074,1031,Frontal_Inf_Tri_L,Pallidum_R
1377,12,76,13,77,0.3462063405023622,0.3462063405023622,0.3462063405023622,36,Frontal_Inf_Tri_L,Thalamus_L
1378,12,77,13,78,-0.049175989334248084,0.049175989334248084,0.049175989334248084,2619,Frontal_Inf_Tri_L,Thalamus_R
1379,12,78,13,79,-0.040974254881380734,0.040974254881380734,0.040974254881380734,2977,Frontal_Inf_Tri_L,Heschl_L
1380,12,79,13,80,-0.07022533423078933,0.07022533423078933,0.07022533423078933,1897,Frontal_Inf_Tri_L,Heschl_R
1381,12,80,13,81,-0.6512209631602622,0.6512209631602622,0.6512209631602622,2,Frontal_Inf_Tri_L,Temporal_Sup_L
1382,12,81,13,82,-0.19387425309537884,0.19387425309537884,0.19387425309537884,332,Frontal_Inf_Tri_L,Temporal_Sup_R
1383,12,82,13,83,0.1919922006160091,0.1919922006160091,0.1919922006160091,345,Frontal_Inf_Tri_L,Temporal_Pole_Sup_L
1384,12,83,13,84,0.05349134027496008,0.05349134027496008,0.05349134027496008,2446,Frontal_Inf_Tri_L,Temporal_Pole_Sup_R
1385,12,84,13,85,0.33452273096386914,0.33452273096386914,0.33452273096386914,42,Frontal_Inf_Tri_L,Temporal_Mid_L
1386,12,85,13,86,0.25816314663833523,0.25816314663833523,0.25816314663833523,131,Frontal_Inf_Tri_L,Temporal_Mid_R
1387,12,86,13,87,-0.03182259896833907,0.03182259896833907,0.03182259896833907,3445,Frontal_Inf_Tri_L,Temporal_Pole_Mid_L
1388,12,87,13,88,0.22493667446659307,0.22493667446659307,0.22493667446659307,226,Frontal_Inf_Tri_L,Temporal_Pole_Mid_R
1389,12,88,13,89,0.3270473275477335,0.3270473275477335,0.3270473275477335,52,Frontal_Inf_Tri_L,Temporal_Inf_L
1390,12,89,13,90,0.46427296771002896,0.46427296771002896,0.46427296771002896,14,Frontal_Inf_Tri_L,Temporal_Inf_R
1391,12,90,13,91,0.0006302779055832121,0.0006302779055832121,0.0006302779055832121,5681,Frontal_Inf_Tri_L,Cerebelum_Crus1_L
1392,12,91,13,92,-0.03834275403046131,0.03834275403046131,0.03834275403046131,3104,Frontal_Inf_Tri_L,Cerebelum_Crus1_R
1393,12,92,13,93,-0.30365675200916853,0.30365675200916853,0.30365675200916853,72,Frontal_Inf_Tri_L,Cerebelum_Crus2_L
1394,12,93,13,94,0.11231533451308422,0.11231533451308422,0.11231533451308422,1052,Frontal_Inf_Tri_L,Cerebelum_Crus2_R
1395,12,94,13,95,0.18020248920704104,0.18020248920704104,0.18020248920704104,405,Frontal_Inf_Tri_L,Cerebelum_3_L
1396,12,95,13,96,-0.06169925090168499,0.06169925090168499,0.06169925090168499,2169,Frontal_Inf_Tri_L,Cerebelum_3_R
1397,12,96,13,97,-0.10866433706045535,0.10866433706045535,0.10866433706045535,1101,Frontal_Inf_Tri_L,Cerebelum_4_5_L
1398,12,97,13,98,-0.10711583234329167,0.10711583234329167,0.10711583234329167,1126,Frontal_Inf_Tri_L,Cerebelum_4_5_R
1399,12,98,13,99,0.11470599667854876,0.11470599667854876,0.11470599667854876,1012,Frontal_Inf_Tri_L,Cerebelum_6_L
1400,12,99,13,100,-0.13170388577338218,0.13170388577338218,0.13170388577338218,803,Frontal_Inf_Tri_L,Cerebelum_6_R
1401,12,100,13,101,0.07303929403049979,0.07303929403049979,0.07303929403049979,1823,Frontal_Inf_Tri_L,Cerebelum_7b_L
1402,12,101,13,102,0.031241869252860294,0.031241869252860294,0.031241869252860294,3476,Frontal_Inf_Tri_L,Cerebelum_7b_R
1403,12,102,13,103,0.04136363884363543,0.04136363884363543,0.04136363884363543,2948,Frontal_Inf_Tri_L,Cerebelum_8_L
1404,12,103,13,104,-0.04953488302773591,0.04953488302773591,0.04953488302773591,2607,Frontal_Inf_Tri_L,Cerebelum_8_R
1405,12,104,13,105,-0.1114785575764559,0.1114785575764559,0.1114785575764559,1065,Frontal_Inf_Tri_L,Cerebelum_9_L
1406,12,105,13,106,-0.025366769975188053,0.025366769975188053,0.025366769975188053,3824,Frontal_Inf_Tri_L,Cerebelum_9_R
1407,12,106,13,107,0.18174852328796984,0.18174852328796984,0.18174852328796984,394,Frontal_Inf_Tri_L,Cerebelum_10_L
1408,12,107,13,108,-0.21321168479001604,0.21321168479001604,0.21321168479001604,264,Frontal_Inf_Tri_L,Cerebelum_10_R
1409,12,108,13,109,0.00140447732923308,0.00140447732923308,0.00140447732923308,5475,Frontal_Inf_Tri_L,Vermis_1_2
1410,12,109,13,110,-0.10164028625047306,0.10164028625047306,0.10164028625047306,1217,Frontal_Inf_Tri_L,Vermis_3
1411,12,110,13,111,0.021162712951456553,0.021162712951456553,0.021162712951456553,4099,Frontal_Inf_Tri_L,Vermis_4_5
1412,12,111,13,112,-0.07393059696167066,0.07393059696167066,0.07393059696167066,1805,Frontal_Inf_Tri_L,Vermis_6
1413,12,112,13,113,-0.09804593115264747,0.09804593115264747,0.09804593115264747,1280,Frontal_Inf_Tri_L,Vermis_7
1414,12,113,13,114,-0.07618762432538205,0.07618762432538205,0.07618762432538205,1754,Frontal_Inf_Tri_L,Vermis_8
1415,12,114,13,115,-0.05040323236382923,0.05040323236382923,0.05040323236382923,2570,Frontal_Inf_Tri_L,Vermis_9
1416,12,115,13,116,-0.15782118839724643,0.15782118839724643,0.15782118839724643,546,Frontal_Inf_Tri_L,Vermis_10
1417,13,14,14,15,-0.04684305462100904,0.04684305462100904,0.04684305462100904,2719,Frontal_Inf_Tri_R,Frontal_Inf_Orb_L
1418,13,15,14,16,0.09171473107806367,0.09171473107806367,0.09171473107806367,1408,Frontal_Inf_Tri_R,Frontal_Inf_Orb_R
1419,13,16,14,17,-0.031071216738436158,0.031071216738436158,0.031071216738436158,3488,Frontal_Inf_Tri_R,Rolandic_Oper_L
1420,13,17,14,18,-0.07515894396266314,0.07515894396266314,0.07515894396266314,1779,Frontal_Inf_Tri_R,Rolandic_Oper_R
1421,13,18,14,19,0.026663449912853784,0.026663449912853784,0.026663449912853784,3749,Frontal_Inf_Tri_R,Supp_Motor_Area_L
1422,13,19,14,20,0.06713454618331646,0.06713454618331646,0.06713454618331646,1990,Frontal_Inf_Tri_R,Supp_Motor_Area_R
1423,13,20,14,21,-0.005624229072788998,0.005624229072788998,0.005624229072788998,5138,Frontal_Inf_Tri_R,Olfactory_L
1424,13,21,14,22,-0.021669549126463676,0.021669549126463676,0.021669549126463676,4072,Frontal_Inf_Tri_R,Olfactory_R
1425,13,22,14,23,-0.025059848126874864,0.025059848126874864,0.025059848126874864,3849,Frontal_Inf_Tri_R,Frontal_Sup_Medial_L
1426,13,23,14,24,0.07627820304154122,0.07627820304154122,0.07627820304154122,1750,Frontal_Inf_Tri_R,Frontal_Sup_Medial_R
1427,13,24,14,25,-0.02707800313422604,0.02707800313422604,0.02707800313422604,3729,Frontal_Inf_Tri_R,Frontal_Med_Orb_L
1428,13,25,14,26,0.09278772970647675,0.09278772970647675,0.09278772970647675,1390,Frontal_Inf_Tri_R,Frontal_Med_Orb_R
1429,13,26,14,27,0.005369816792300432,0.005369816792300432,0.005369816792300432,5166,Frontal_Inf_Tri_R,Rectus_L
1430,13,27,14,28,0.07793352600609534,0.07793352600609534,0.07793352600609534,1704,Frontal_Inf_Tri_R,Rectus_R
1431,13,28,14,29,-0.17248994088690198,0.17248994088690198,0.17248994088690198,456,Frontal_Inf_Tri_R,Insula_L
1432,13,29,14,30,-0.4315742607690292,0.4315742607690292,0.4315742607690292,18,Frontal_Inf_Tri_R,Insula_R
1433,13,30,14,31,-0.16457929511298205,0.16457929511298205,0.16457929511298205,499,Frontal_Inf_Tri_R,Cingulum_Ant_L
1434,13,31,14,32,-0.2986587915368364,0.2986587915368364,0.2986587915368364,77,Frontal_Inf_Tri_R,Cingulum_Ant_R
1435,13,32,14,33,-0.05010331958715739,0.05010331958715739,0.05010331958715739,2586,Frontal_Inf_Tri_R,Cingulum_Mid_L
1436,13,33,14,34,-0.15466733210558115,0.15466733210558115,0.15466733210558115,573,Frontal_Inf_Tri_R,Cingulum_Mid_R
1437,13,34,14,35,-0.11122252521927253,0.11122252521927253,0.11122252521927253,1067,Frontal_Inf_Tri_R,Cingulum_Post_L
1438,13,35,14,36,-0.1899928419983124,0.1899928419983124,0.1899928419983124,358,Frontal_Inf_Tri_R,Cingulum_Post_R
1439,13,36,14,37,0.11702358090647155,0.11702358090647155,0.11702358090647155,976,Frontal_Inf_Tri_R,Hippocampus_L
1440,13,37,14,38,0.008238263123098511,0.008238263123098511,0.008238263123098511,4973,Frontal_Inf_Tri_R,Hippocampus_R
1441,13,38,14,39,0.16091090047697984,0.16091090047697984,0.16091090047697984,522,Frontal_Inf_Tri_R,ParaHippocampal_L
1442,13,39,14,40,0.13991649941727527,0.13991649941727527,0.13991649941727527,731,Frontal_Inf_Tri_R,ParaHippocampal_R
1443,13,40,14,41,0.09266007810202505,0.09266007810202505,0.09266007810202505,1393,Frontal_Inf_Tri_R,Amygdala_L
1444,13,41,14,42,0.09601729787228229,0.09601729787228229,0.09601729787228229,1318,Frontal_Inf_Tri_R,Amygdala_R
1445,13,42,14,43,-0.0016723960132240348,0.0016723960132240348,0.0016723960132240348,5453,Frontal_Inf_Tri_R,Calcarine_L
1446,13,43,14,44,-0.019851808216431885,0.019851808216431885,0.019851808216431885,4170,Frontal_Inf_Tri_R,Calcarine_R
1447,13,44,14,45,0.015026564152797814,0.015026564152797814,0.015026564152797814,4477,Frontal_Inf_Tri_R,Cuneus_L
1448,13,45,14,46,0.0038407940890868623,0.0038407940890868623,0.0038407940890868623,5292,Frontal_Inf_Tri_R,Cuneus_R
1449,13,46,14,47,0.0737887921988504,0.0737887921988504,0.0737887921988504,1809,Frontal_Inf_Tri_R,Lingual_L
1450,13,47,14,48,0.03553340982850505,0.03553340982850505,0.03553340982850505,3220,Frontal_Inf_Tri_R,Lingual_R
1451,13,48,14,49,0.12037368880013465,0.12037368880013465,0.12037368880013465,934,Frontal_Inf_Tri_R,Occipital_Sup_L
1452,13,49,14,50,0.022574383120780667,0.022574383120780667,0.022574383120780667,4009,Frontal_Inf_Tri_R,Occipital_Sup_R
1453,13,50,14,51,0.09837706138871191,0.09837706138871191,0.09837706138871191,1275,Frontal_Inf_Tri_R,Occipital_Mid_L
1454,13,51,14,52,0.03870285190210429,0.03870285190210429,0.03870285190210429,3088,Frontal_Inf_Tri_R,Occipital_Mid_R
1455,13,52,14,53,0.036343234961019134,0.036343234961019134,0.036343234961019134,3184,Frontal_Inf_Tri_R,Occipital_Inf_L
1456,13,53,14,54,-0.041740325004281466,0.041740325004281466,0.041740325004281466,2930,Frontal_Inf_Tri_R,Occipital_Inf_R
1457,13,54,14,55,0.03130490066758262,0.03130490066758262,0.03130490066758262,3471,Frontal_Inf_Tri_R,Fusiform_L
1458,13,55,14,56,0.05688054265262504,0.05688054265262504,0.05688054265262504,2339,Frontal_Inf_Tri_R,Fusiform_R
1459,13,56,14,57,0.06371944481722411,0.06371944481722411,0.06371944481722411,2108,Frontal_Inf_Tri_R,Postcentral_L
1460,13,57,14,58,0.030233807012809633,0.030233807012809633,0.030233807012809633,3547,Frontal_Inf_Tri_R,Postcentral_R
1461,13,58,14,59,0.0005457788215239971,0.0005457788215239971,0.0005457788215239971,5878,Frontal_Inf_Tri_R,Parietal_Sup_L
1462,13,59,14,60,0.0005852284897526166,0.0005852284897526166,0.0005852284897526166,5780,Frontal_Inf_Tri_R,Parietal_Sup_R
1463,13,60,14,61,-0.2674617868216829,0.2674617868216829,0.2674617868216829,117,Frontal_Inf_Tri_R,Parietal_Inf_L
1464,13,61,14,62,0.0004725684341962666,0.0004725684341962666,0.0004725684341962666,6331,Frontal_Inf_Tri_R,Parietal_Inf_R
1465,13,62,14,63,0.00048176797488897675,0.00048176797488897675,0.00048176797488897675,6213,Frontal_Inf_Tri_R,SupraMarginal_L
1466,13,63,14,64,-0.8095897289631262,0.8095897289631262,0.8095897289631262,1,Frontal_Inf_Tri_R,SupraMarginal_R
1467,13,64,14,65,0.25294133255103546,0.25294133255103546,0.25294133255103546,144,Frontal_Inf_Tri_R,Angular_L
1468,13,65,14,66,0.0008774286419335139,0.0008774286419335139,0.0008774286419335139,5538,Frontal_Inf_Tri_R,Angular_R
1469,13,66,14,67,0.22087141577787392,0.22087141577787392,0.22087141577787392,238,Frontal_Inf_Tri_R,Precuneus_L
1470,13,67,14,68,0.1623630827817233,0.1623630827817233,0.1623630827817233,516,Frontal_Inf_Tri_R,Precuneus_R
1471,13,68,14,69,0.11369193098645392,0.11369193098645392,0.11369193098645392,1027,Frontal_Inf_Tri_R,Paracentral_Lobule_L
1472,13,69,14,70,0.23584763583212656,0.23584763583212656,0.23584763583212656,197,Frontal_Inf_Tri_R,Paracentral_Lobule_R
1473,13,70,14,71,0.0634109923159244,0.0634109923159244,0.0634109923159244,2119,Frontal_Inf_Tri_R,Caudate_L
1474,13,71,14,72,-0.04381659772103133,0.04381659772103133,0.04381659772103133,2836,Frontal_Inf_Tri_R,Caudate_R
1475,13,72,14,73,0.10057272712969509,0.10057272712969509,0.10057272712969509,1233,Frontal_Inf_Tri_R,Putamen_L
1476,13,73,14,74,0.19265530437424286,0.19265530437424286,0.19265530437424286,340,Frontal_Inf_Tri_R,Putamen_R
1477,13,74,14,75,0.024387188022792217,0.024387188022792217,0.024387188022792217,3886,Frontal_Inf_Tri_R,Pallidum_L
1478,13,75,14,76,-0.06739997103176278,0.06739997103176278,0.06739997103176278,1982,Frontal_Inf_Tri_R,Pallidum_R
1479,13,76,14,77,-0.08394942068632393,0.08394942068632393,0.08394942068632393,1562,Frontal_Inf_Tri_R,Thalamus_L
1480,13,77,14,78,-0.21736835553693368,0.21736835553693368,0.21736835553693368,252,Frontal_Inf_Tri_R,Thalamus_R
1481,13,78,14,79,0.05530219384515202,0.05530219384515202,0.05530219384515202,2388,Frontal_Inf_Tri_R,Heschl_L
1482,13,79,14,80,-0.11272055768332971,0.11272055768332971,0.11272055768332971,1045,Frontal_Inf_Tri_R,Heschl_R
1483,13,80,14,81,-0.1127542664665773,0.1127542664665773,0.1127542664665773,1044,Frontal_Inf_Tri_R,Temporal_Sup_L
1484,13,81,14,82,0.012746690901294514,0.012746690901294514,0.012746690901294514,4650,Frontal_Inf_Tri_R,Temporal_Sup_R
1485,13,82,14,83,0.135790816591243,0.135790816591243,0.135790816591243,766,Frontal_Inf_Tri_R,Temporal_Pole_Sup_L
1486,13,83,14,84,0.10581108918809108,0.10581108918809108,0.10581108918809108,1147,Frontal_Inf_Tri_R,Temporal_Pole_Sup_R
1487,13,84,14,85,0.25750515847970556,0.25750515847970556,0.25750515847970556,133,Frontal_Inf_Tri_R,Temporal_Mid_L
1488,13,85,14,86,0.19536209538870059,0.19536209538870059,0.19536209538870059,327,Frontal_Inf_Tri_R,Temporal_Mid_R
1489,13,86,14,87,0.03387057059133552,0.03387057059133552,0.03387057059133552,3318,Frontal_Inf_Tri_R,Temporal_Pole_Mid_L
1490,13,87,14,88,0.12914594688563544,0.12914594688563544,0.12914594688563544,833,Frontal_Inf_Tri_R,Temporal_Pole_Mid_R
1491,13,88,14,89,0.054935773340442945,0.054935773340442945,0.054935773340442945,2397,Frontal_Inf_Tri_R,Temporal_Inf_L
1492,13,89,14,90,0.18551116520669317,0.18551116520669317,0.18551116520669317,382,Frontal_Inf_Tri_R,Temporal_Inf_R
1493,13,90,14,91,-0.028402627471440123,0.028402627471440123,0.028402627471440123,3636,Frontal_Inf_Tri_R,Cerebelum_Crus1_L
1494,13,91,14,92,-0.259920478559012,0.259920478559012,0.259920478559012,128,Frontal_Inf_Tri_R,Cerebelum_Crus1_R
1495,13,92,14,93,-0.11013068910455218,0.11013068910455218,0.11013068910455218,1084,Frontal_Inf_Tri_R,Cerebelum_Crus2_L
1496,13,93,14,94,-0.08515527453822888,0.08515527453822888,0.08515527453822888,1539,Frontal_Inf_Tri_R,Cerebelum_Crus2_R
1497,13,94,14,95,0.23630263194516277,0.23630263194516277,0.23630263194516277,196,Frontal_Inf_Tri_R,Cerebelum_3_L
1498,13,95,14,96,0.09353619040974023,0.09353619040974023,0.09353619040974023,1377,Frontal_Inf_Tri_R,Cerebelum_3_R
1499,13,96,14,97,0.17583513219521207,0.17583513219521207,0.17583513219521207,432,Frontal_Inf_Tri_R,Cerebelum_4_5_L
1500,13,97,14,98,-0.03823048232660616,0.03823048232660616,0.03823048232660616,3108,Frontal_Inf_Tri_R,Cerebelum_4_5_R
1501,13,98,14,99,-0.13630330427276702,0.13630330427276702,0.13630330427276702,761,Frontal_Inf_Tri_R,Cerebelum_6_L
1502,13,99,14,100,-0.24173975360640104,0.24173975360640104,0.24173975360640104,177,Frontal_Inf_Tri_R,Cerebelum_6_R
1503,13,100,14,101,-0.1033491036191494,0.1033491036191494,0.1033491036191494,1188,Frontal_Inf_Tri_R,Cerebelum_7b_L
1504,13,101,14,102,-0.28892883658757473,0.28892883658757473,0.28892883658757473,90,Frontal_Inf_Tri_R,Cerebelum_7b_R
1505,13,102,14,103,-0.16449486245435907,0.16449486245435907,0.16449486245435907,501,Frontal_Inf_Tri_R,Cerebelum_8_L
1506,13,103,14,104,-0.24712973742925234,0.24712973742925234,0.24712973742925234,162,Frontal_Inf_Tri_R,Cerebelum_8_R
1507,13,104,14,105,-0.14780909341255172,0.14780909341255172,0.14780909341255172,640,Frontal_Inf_Tri_R,Cerebelum_9_L
1508,13,105,14,106,-0.08321742734500637,0.08321742734500637,0.08321742734500637,1582,Frontal_Inf_Tri_R,Cerebelum_9_R
1509,13,106,14,107,0.03093815993331674,0.03093815993331674,0.03093815993331674,3497,Frontal_Inf_Tri_R,Cerebelum_10_L
1510,13,107,14,108,-0.0359241613449171,0.0359241613449171,0.0359241613449171,3206,Frontal_Inf_Tri_R,Cerebelum_10_R
1511,13,108,14,109,-0.04030287159973621,0.04030287159973621,0.04030287159973621,3018,Frontal_Inf_Tri_R,Vermis_1_2
1512,13,109,14,110,-0.0950470036953142,0.0950470036953142,0.0950470036953142,1338,Frontal_Inf_Tri_R,Vermis_3
1513,13,110,14,111,0.051314219990344224,0.051314219990344224,0.051314219990344224,2535,Frontal_Inf_Tri_R,Vermis_4_5
1514,13,111,14,112,-0.028438224149620262,0.028438224149620262,0.028438224149620262,3632,Frontal_Inf_Tri_R,Vermis_6
1515,13,112,14,113,-0.06496942649193349,0.06496942649193349,0.06496942649193349,2061,Frontal_Inf_Tri_R,Vermis_7
1516,13,113,14,114,-0.08757392471017486,0.08757392471017486,0.08757392471017486,1487,Frontal_Inf_Tri_R,Vermis_8
1517,13,114,14,115,0.02763447448941066,0.02763447448941066,0.02763447448941066,3695,Frontal_Inf_Tri_R,Vermis_9
1518,13,115,14,116,-0.07762066369531073,0.07762066369531073,0.07762066369531073,1715,Frontal_Inf_Tri_R,Vermis_10
1519,14,15,15,16,0.00997057907891176,0.00997057907891176,0.00997057907891176,4851,Frontal_Inf_Orb_L,Frontal_Inf_Orb_R
1520,14,16,15,17,-0.03079086916157956,0.03079086916157956,0.03079086916157956,3510,Frontal_Inf_Orb_L,Rolandic_Oper_L
1521,14,17,15,18,0.02809500758662461,0.02809500758662461,0.02809500758662461,3665,Frontal_Inf_Orb_L,Rolandic_Oper_R
1522,14,18,15,19,0.09387601199060873,0.09387601199060873,0.09387601199060873,1367,Frontal_Inf_Orb_L,Supp_Motor_Area_L
1523,14,19,15,20,-0.03878206445035404,0.03878206445035404,0.03878206445035404,3087,Frontal_Inf_Orb_L,Supp_Motor_Area_R
1524,14,20,15,21,-0.006818011544450831,0.006818011544450831,0.006818011544450831,5059,Frontal_Inf_Orb_L,Olfactory_L
1525,14,21,15,22,-0.013338533795396228,0.013338533795396228,0.013338533795396228,4610,Frontal_Inf_Orb_L,Olfactory_R
1526,14,22,15,23,-0.06533059434221429,0.06533059434221429,0.06533059434221429,2051,Frontal_Inf_Orb_L,Frontal_Sup_Medial_L
1527,14,23,15,24,0.0076494026823057375,0.0076494026823057375,0.0076494026823057375,5010,Frontal_Inf_Orb_L,Frontal_Sup_Medial_R
1528,14,24,15,25,0.05203911552766267,0.05203911552766267,0.05203911552766267,2504,Frontal_Inf_Orb_L,Frontal_Med_Orb_L
1529,14,25,15,26,0.1250517705786268,0.1250517705786268,0.1250517705786268,875,Frontal_Inf_Orb_L,Frontal_Med_Orb_R
1530,14,26,15,27,0.02269841942738074,0.02269841942738074,0.02269841942738074,4001,Frontal_Inf_Orb_L,Rectus_L
1531,14,27,15,28,0.08944695058830301,0.08944695058830301,0.08944695058830301,1446,Frontal_Inf_Orb_L,Rectus_R
1532,14,28,15,29,-0.038110741213860454,0.038110741213860454,0.038110741213860454,3114,Frontal_Inf_Orb_L,Insula_L
1533,14,29,15,30,-0.13702863550808908,0.13702863550808908,0.13702863550808908,755,Frontal_Inf_Orb_L,Insula_R
1534,14,30,15,31,0.011173258852606152,0.011173258852606152,0.011173258852606152,4777,Frontal_Inf_Orb_L,Cingulum_Ant_L
1535,14,31,15,32,0.06052891002579618,0.06052891002579618,0.06052891002579618,2217,Frontal_Inf_Orb_L,Cingulum_Ant_R
1536,14,32,15,33,-0.012079858845058696,0.012079858845058696,0.012079858845058696,4708,Frontal_Inf_Orb_L,Cingulum_Mid_L
1537,14,33,15,34,-0.010274257875013737,0.010274257875013737,0.010274257875013737,4832,Frontal_Inf_Orb_L,Cingulum_Mid_R
1538,14,34,15,35,0.022322108576228916,0.022322108576228916,0.022322108576228916,4028,Frontal_Inf_Orb_L,Cingulum_Post_L
1539,14,35,15,36,0.010779508788330356,0.010779508788330356,0.010779508788330356,4797,Frontal_Inf_Orb_L,Cingulum_Post_R
1540,14,36,15,37,-0.012851997613066869,0.012851997613066869,0.012851997613066869,4641,Frontal_Inf_Orb_L,Hippocampus_L
1541,14,37,15,38,0.07393860170695682,0.07393860170695682,0.07393860170695682,1803,Frontal_Inf_Orb_L,Hippocampus_R
1542,14,38,15,39,-0.014925128440933428,0.014925128440933428,0.014925128440933428,4483,Frontal_Inf_Orb_L,ParaHippocampal_L
1543,14,39,15,40,0.02236995300887381,0.02236995300887381,0.02236995300887381,4024,Frontal_Inf_Orb_L,ParaHippocampal_R
1544,14,40,15,41,0.02156766446225646,0.02156766446225646,0.02156766446225646,4082,Frontal_Inf_Orb_L,Amygdala_L
1545,14,41,15,42,-0.05155146709324172,0.05155146709324172,0.05155146709324172,2524,Frontal_Inf_Orb_L,Amygdala_R
1546,14,42,15,43,0.005303753144252171,0.005303753144252171,0.005303753144252171,5169,Frontal_Inf_Orb_L,Calcarine_L
1547,14,43,15,44,0.013062802200611947,0.013062802200611947,0.013062802200611947,4631,Frontal_Inf_Orb_L,Calcarine_R
1548,14,44,15,45,0.004437640951722223,0.004437640951722223,0.004437640951722223,5237,Frontal_Inf_Orb_L,Cuneus_L
1549,14,45,15,46,0.033556688079385284,0.033556688079385284,0.033556688079385284,3337,Frontal_Inf_Orb_L,Cuneus_R
1550,14,46,15,47,0.05855954713374746,0.05855954713374746,0.05855954713374746,2273,Frontal_Inf_Orb_L,Lingual_L
1551,14,47,15,48,0.05340617940437398,0.05340617940437398,0.05340617940437398,2449,Frontal_Inf_Orb_L,Lingual_R
1552,14,48,15,49,0.10941911238488274,0.10941911238488274,0.10941911238488274,1093,Frontal_Inf_Orb_L,Occipital_Sup_L
1553,14,49,15,50,0.020914087344390736,0.020914087344390736,0.020914087344390736,4116,Frontal_Inf_Orb_L,Occipital_Sup_R
1554,14,50,15,51,0.049641350865227744,0.049641350865227744,0.049641350865227744,2606,Frontal_Inf_Orb_L,Occipital_Mid_L
1555,14,51,15,52,-0.0002103985131689724,0.0002103985131689724,0.0002103985131689724,6651,Frontal_Inf_Orb_L,Occipital_Mid_R
1556,14,52,15,53,0.02767014702752489,0.02767014702752489,0.02767014702752489,3691,Frontal_Inf_Orb_L,Occipital_Inf_L
1557,14,53,15,54,-0.005740517561094693,0.005740517561094693,0.005740517561094693,5134,Frontal_Inf_Orb_L,Occipital_Inf_R
1558,14,54,15,55,0.044097737742963175,0.044097737742963175,0.044097737742963175,2826,Frontal_Inf_Orb_L,Fusiform_L
1559,14,55,15,56,0.09512479424824767,0.09512479424824767,0.09512479424824767,1335,Frontal_Inf_Orb_L,Fusiform_R
1560,14,56,15,57,0.0438038268482916,0.0438038268482916,0.0438038268482916,2837,Frontal_Inf_Orb_L,Postcentral_L
1561,14,57,15,58,0.03902589838460708,0.03902589838460708,0.03902589838460708,3076,Frontal_Inf_Orb_L,Postcentral_R
1562,14,58,15,59,0.0005563320822180948,0.0005563320822180948,0.0005563320822180948,5847,Frontal_Inf_Orb_L,Parietal_Sup_L
1563,14,59,15,60,0.0005673445386867196,0.0005673445386867196,0.0005673445386867196,5810,Frontal_Inf_Orb_L,Parietal_Sup_R
1564,14,60,15,61,-0.10197064014943814,0.10197064014943814,0.10197064014943814,1212,Frontal_Inf_Orb_L,Parietal_Inf_L
1565,14,61,15,62,0.0004957858146533965,0.0004957858146533965,0.0004957858146533965,6117,Frontal_Inf_Orb_L,Parietal_Inf_R
1566,14,62,15,63,0.0004965302360437897,0.0004965302360437897,0.0004965302360437897,6112,Frontal_Inf_Orb_L,SupraMarginal_L
1567,14,63,15,64,-0.09112238699687134,0.09112238699687134,0.09112238699687134,1422,Frontal_Inf_Orb_L,SupraMarginal_R
1568,14,64,15,65,0.06898460666262606,0.06898460666262606,0.06898460666262606,1933,Frontal_Inf_Orb_L,Angular_L
1569,14,65,15,66,0.0008706908229768486,0.0008706908229768486,0.0008706908229768486,5557,Frontal_Inf_Orb_L,Angular_R
1570,14,66,15,67,-0.0022056037959206254,0.0022056037959206254,0.0022056037959206254,5406,Frontal_Inf_Orb_L,Precuneus_L
1571,14,67,15,68,0.039001610865394734,0.039001610865394734,0.039001610865394734,3078,Frontal_Inf_Orb_L,Precuneus_R
1572,14,68,15,69,-0.0820880412414985,0.0820880412414985,0.0820880412414985,1608,Frontal_Inf_Orb_L,Paracentral_Lobule_L
1573,14,69,15,70,0.05717636398143147,0.05717636398143147,0.05717636398143147,2329,Frontal_Inf_Orb_L,Paracentral_Lobule_R
1574,14,70,15,71,0.11621146066438504,0.11621146066438504,0.11621146066438504,989,Frontal_Inf_Orb_L,Caudate_L
1575,14,71,15,72,0.02062045889969067,0.02062045889969067,0.02062045889969067,4132,Frontal_Inf_Orb_L,Caudate_R
1576,14,72,15,73,-0.10823532421095575,0.10823532421095575,0.10823532421095575,1106,Frontal_Inf_Orb_L,Putamen_L
1577,14,73,15,74,0.062481704648511736,0.062481704648511736,0.062481704648511736,2140,Frontal_Inf_Orb_L,Putamen_R
1578,14,74,15,75,0.08547350464972205,0.08547350464972205,0.08547350464972205,1531,Frontal_Inf_Orb_L,Pallidum_L
1579,14,75,15,76,-0.020756429173268053,0.020756429173268053,0.020756429173268053,4125,Frontal_Inf_Orb_L,Pallidum_R
1580,14,76,15,77,0.20794505730496068,0.20794505730496068,0.20794505730496068,280,Frontal_Inf_Orb_L,Thalamus_L
1581,14,77,15,78,-0.030083339381168774,0.030083339381168774,0.030083339381168774,3556,Frontal_Inf_Orb_L,Thalamus_R
1582,14,78,15,79,-0.004038312472725957,0.004038312472725957,0.004038312472725957,5268,Frontal_Inf_Orb_L,Heschl_L
1583,14,79,15,80,-0.014286767375180653,0.014286767375180653,0.014286767375180653,4532,Frontal_Inf_Orb_L,Heschl_R
1584,14,80,15,81,-0.14093005326334734,0.14093005326334734,0.14093005326334734,718,Frontal_Inf_Orb_L,Temporal_Sup_L
1585,14,81,15,82,-0.13890130584204674,0.13890130584204674,0.13890130584204674,740,Frontal_Inf_Orb_L,Temporal_Sup_R
1586,14,82,15,83,0.1517039111634213,0.1517039111634213,0.1517039111634213,608,Frontal_Inf_Orb_L,Temporal_Pole_Sup_L
1587,14,83,15,84,-0.058581928425661615,0.058581928425661615,0.058581928425661615,2272,Frontal_Inf_Orb_L,Temporal_Pole_Sup_R
1588,14,84,15,85,-0.08426163288972144,0.08426163288972144,0.08426163288972144,1555,Frontal_Inf_Orb_L,Temporal_Mid_L
1589,14,85,15,86,0.03374887026363905,0.03374887026363905,0.03374887026363905,3323,Frontal_Inf_Orb_L,Temporal_Mid_R
1590,14,86,15,87,-0.09304164064047944,0.09304164064047944,0.09304164064047944,1385,Frontal_Inf_Orb_L,Temporal_Pole_Mid_L
1591,14,87,15,88,0.026491433502776024,0.026491433502776024,0.026491433502776024,3759,Frontal_Inf_Orb_L,Temporal_Pole_Mid_R
1592,14,88,15,89,-0.03248414335990642,0.03248414335990642,0.03248414335990642,3405,Frontal_Inf_Orb_L,Temporal_Inf_L
1593,14,89,15,90,0.16032464000907048,0.16032464000907048,0.16032464000907048,526,Frontal_Inf_Orb_L,Temporal_Inf_R
1594,14,90,15,91,0.13941381676978568,0.13941381676978568,0.13941381676978568,735,Frontal_Inf_Orb_L,Cerebelum_Crus1_L
1595,14,91,15,92,0.0703592138122865,0.0703592138122865,0.0703592138122865,1895,Frontal_Inf_Orb_L,Cerebelum_Crus1_R
1596,14,92,15,93,-0.015236454619907091,0.015236454619907091,0.015236454619907091,4463,Frontal_Inf_Orb_L,Cerebelum_Crus2_L
1597,14,93,15,94,-0.02196454836533842,0.02196454836533842,0.02196454836533842,4051,Frontal_Inf_Orb_L,Cerebelum_Crus2_R
1598,14,94,15,95,0.17972917311921446,0.17972917311921446,0.17972917311921446,407,Frontal_Inf_Orb_L,Cerebelum_3_L
1599,14,95,15,96,-0.03416899513831558,0.03416899513831558,0.03416899513831558,3298,Frontal_Inf_Orb_L,Cerebelum_3_R
1600,14,96,15,97,-0.06764559548765278,0.06764559548765278,0.06764559548765278,1976,Frontal_Inf_Orb_L,Cerebelum_4_5_L
1601,14,97,15,98,-0.08107061535731414,0.08107061535731414,0.08107061535731414,1630,Frontal_Inf_Orb_L,Cerebelum_4_5_R
1602,14,98,15,99,0.05482846367137967,0.05482846367137967,0.05482846367137967,2407,Frontal_Inf_Orb_L,Cerebelum_6_L
1603,14,99,15,100,-0.16187538780107139,0.16187538780107139,0.16187538780107139,519,Frontal_Inf_Orb_L,Cerebelum_6_R
1604,14,100,15,101,-0.011413581469419865,0.011413581469419865,0.011413581469419865,4763,Frontal_Inf_Orb_L,Cerebelum_7b_L
1605,14,101,15,102,0.025693255484827066,0.025693255484827066,0.025693255484827066,3809,Frontal_Inf_Orb_L,Cerebelum_7b_R
1606,14,102,15,103,0.08731116199445021,0.08731116199445021,0.08731116199445021,1493,Frontal_Inf_Orb_L,Cerebelum_8_L
1607,14,103,15,104,0.011247322873509111,0.011247322873509111,0.011247322873509111,4772,Frontal_Inf_Orb_L,Cerebelum_8_R
1608,14,104,15,105,-0.05213998777294055,0.05213998777294055,0.05213998777294055,2501,Frontal_Inf_Orb_L,Cerebelum_9_L
1609,14,105,15,106,0.15197723759452103,0.15197723759452103,0.15197723759452103,604,Frontal_Inf_Orb_L,Cerebelum_9_R
1610,14,106,15,107,-0.011494978975832725,0.011494978975832725,0.011494978975832725,4753,Frontal_Inf_Orb_L,Cerebelum_10_L
1611,14,107,15,108,-0.0950761003640238,0.0950761003640238,0.0950761003640238,1336,Frontal_Inf_Orb_L,Cerebelum_10_R
1612,14,108,15,109,-0.033388942399241284,0.033388942399241284,0.033388942399241284,3348,Frontal_Inf_Orb_L,Vermis_1_2
1613,14,109,15,110,-0.014463801036709998,0.014463801036709998,0.014463801036709998,4515,Frontal_Inf_Orb_L,Vermis_3
1614,14,110,15,111,0.0030700784932390815,0.0030700784932390815,0.0030700784932390815,5349,Frontal_Inf_Orb_L,Vermis_4_5
1615,14,111,15,112,-0.014271201728045118,0.014271201728045118,0.014271201728045118,4533,Frontal_Inf_Orb_L,Vermis_6
1616,14,112,15,113,-0.019611840262032176,0.019611840262032176,0.019611840262032176,4186,Frontal_Inf_Orb_L,Vermis_7
1617,14,113,15,114,-0.04127289952960984,0.04127289952960984,0.04127289952960984,2953,Frontal_Inf_Orb_L,Vermis_8
1618,14,114,15,115,0.01684670102553466,0.01684670102553466,0.01684670102553466,4346,Frontal_Inf_Orb_L,Vermis_9
1619,14,115,15,116,0.025805903317700517,0.025805903317700517,0.025805903317700517,3801,Frontal_Inf_Orb_L,Vermis_10
1620,15,16,16,17,-0.02022654960824659,0.02022654960824659,0.02022654960824659,4152,Frontal_Inf_Orb_R,Rolandic_Oper_L
1621,15,17,16,18,-0.004101328963167922,0.004101328963167922,0.004101328963167922,5261,Frontal_Inf_Orb_R,Rolandic_Oper_R
1622,15,18,16,19,0.14439789873460815,0.14439789873460815,0.14439789873460815,679,Frontal_Inf_Orb_R,Supp_Motor_Area_L
1623,15,19,16,20,0.018175879457446205,0.018175879457446205,0.018175879457446205,4268,Frontal_Inf_Orb_R,Supp_Motor_Area_R
1624,15,20,16,21,-0.012574286943780653,0.012574286943780653,0.012574286943780653,4669,Frontal_Inf_Orb_R,Olfactory_L
1625,15,21,16,22,-0.006744760449221287,0.006744760449221287,0.006744760449221287,5067,Frontal_Inf_Orb_R,Olfactory_R
1626,15,22,16,23,0.15776192384705706,0.15776192384705706,0.15776192384705706,548,Frontal_Inf_Orb_R,Frontal_Sup_Medial_L
1627,15,23,16,24,0.190281904173296,0.190281904173296,0.190281904173296,355,Frontal_Inf_Orb_R,Frontal_Sup_Medial_R
1628,15,24,16,25,-0.02418354159065621,0.02418354159065621,0.02418354159065621,3897,Frontal_Inf_Orb_R,Frontal_Med_Orb_L
1629,15,25,16,26,0.00805805879006968,0.00805805879006968,0.00805805879006968,4989,Frontal_Inf_Orb_R,Frontal_Med_Orb_R
1630,15,26,16,27,-0.10370936050174334,0.10370936050174334,0.10370936050174334,1178,Frontal_Inf_Orb_R,Rectus_L
1631,15,27,16,28,-0.027434884573904292,0.027434884573904292,0.027434884573904292,3705,Frontal_Inf_Orb_R,Rectus_R
1632,15,28,16,29,0.12176885742308757,0.12176885742308757,0.12176885742308757,915,Frontal_Inf_Orb_R,Insula_L
1633,15,29,16,30,-0.05745047875695417,0.05745047875695417,0.05745047875695417,2320,Frontal_Inf_Orb_R,Insula_R
1634,15,30,16,31,0.18063072034255334,0.18063072034255334,0.18063072034255334,401,Frontal_Inf_Orb_R,Cingulum_Ant_L
1635,15,31,16,32,0.13372504646278718,0.13372504646278718,0.13372504646278718,782,Frontal_Inf_Orb_R,Cingulum_Ant_R
1636,15,32,16,33,0.12206709286581303,0.12206709286581303,0.12206709286581303,909,Frontal_Inf_Orb_R,Cingulum_Mid_L
1637,15,33,16,34,0.13943330594362133,0.13943330594362133,0.13943330594362133,734,Frontal_Inf_Orb_R,Cingulum_Mid_R
1638,15,34,16,35,0.09429687947591382,0.09429687947591382,0.09429687947591382,1356,Frontal_Inf_Orb_R,Cingulum_Post_L
1639,15,35,16,36,0.05887502844847722,0.05887502844847722,0.05887502844847722,2265,Frontal_Inf_Orb_R,Cingulum_Post_R
1640,15,36,16,37,0.014530016147926067,0.014530016147926067,0.014530016147926067,4511,Frontal_Inf_Orb_R,Hippocampus_L
1641,15,37,16,38,0.07476758909408471,0.07476758909408471,0.07476758909408471,1784,Frontal_Inf_Orb_R,Hippocampus_R
1642,15,38,16,39,0.04873066091842944,0.04873066091842944,0.04873066091842944,2634,Frontal_Inf_Orb_R,ParaHippocampal_L
1643,15,39,16,40,0.04696760835637757,0.04696760835637757,0.04696760835637757,2708,Frontal_Inf_Orb_R,ParaHippocampal_R
1644,15,40,16,41,-0.005266749890313987,0.005266749890313987,0.005266749890313987,5174,Frontal_Inf_Orb_R,Amygdala_L
1645,15,41,16,42,0.0013629869478432395,0.0013629869478432395,0.0013629869478432395,5479,Frontal_Inf_Orb_R,Amygdala_R
1646,15,42,16,43,0.012890594267332172,0.012890594267332172,0.012890594267332172,4639,Frontal_Inf_Orb_R,Calcarine_L
1647,15,43,16,44,-0.011914623407146623,0.011914623407146623,0.011914623407146623,4716,Frontal_Inf_Orb_R,Calcarine_R
1648,15,44,16,45,-0.0022951077935608566,0.0022951077935608566,0.0022951077935608566,5396,Frontal_Inf_Orb_R,Cuneus_L
1649,15,45,16,46,0.03345933627537645,0.03345933627537645,0.03345933627537645,3344,Frontal_Inf_Orb_R,Cuneus_R
1650,15,46,16,47,0.04208305033803122,0.04208305033803122,0.04208305033803122,2911,Frontal_Inf_Orb_R,Lingual_L
1651,15,47,16,48,0.0016567556186354653,0.0016567556186354653,0.0016567556186354653,5457,Frontal_Inf_Orb_R,Lingual_R
1652,15,48,16,49,0.04881795743787141,0.04881795743787141,0.04881795743787141,2630,Frontal_Inf_Orb_R,Occipital_Sup_L
1653,15,49,16,50,-0.0045740025054919154,0.0045740025054919154,0.0045740025054919154,5229,Frontal_Inf_Orb_R,Occipital_Sup_R
1654,15,50,16,51,0.040561254810801646,0.040561254810801646,0.040561254810801646,3002,Frontal_Inf_Orb_R,Occipital_Mid_L
1655,15,51,16,52,-0.009644751795742326,0.009644751795742326,0.009644751795742326,4876,Frontal_Inf_Orb_R,Occipital_Mid_R
1656,15,52,16,53,0.01215664947297203,0.01215664947297203,0.01215664947297203,4700,Frontal_Inf_Orb_R,Occipital_Inf_L
1657,15,53,16,54,-0.022168055360353156,0.022168055360353156,0.022168055360353156,4038,Frontal_Inf_Orb_R,Occipital_Inf_R
1658,15,54,16,55,0.017276700621608135,0.017276700621608135,0.017276700621608135,4321,Frontal_Inf_Orb_R,Fusiform_L
1659,15,55,16,56,-0.012445236499818447,0.012445236499818447,0.012445236499818447,4679,Frontal_Inf_Orb_R,Fusiform_R
1660,15,56,16,57,0.016640819237120404,0.016640819237120404,0.016640819237120404,4363,Frontal_Inf_Orb_R,Postcentral_L
1661,15,57,16,58,-0.021562537632728102,0.021562537632728102,0.021562537632728102,4083,Frontal_Inf_Orb_R,Postcentral_R
1662,15,58,16,59,0.0005357761343515404,0.0005357761343515404,0.0005357761343515404,5903,Frontal_Inf_Orb_R,Parietal_Sup_L
1663,15,59,16,60,0.0005667188189728962,0.0005667188189728962,0.0005667188189728962,5811,Frontal_Inf_Orb_R,Parietal_Sup_R
1664,15,60,16,61,-0.027851385180016078,0.027851385180016078,0.027851385180016078,3680,Frontal_Inf_Orb_R,Parietal_Inf_L
1665,15,61,16,62,0.0005099326942422388,0.0005099326942422388,0.0005099326942422388,6027,Frontal_Inf_Orb_R,Parietal_Inf_R
1666,15,62,16,63,0.0005018874729131509,0.0005018874729131509,0.0005018874729131509,6077,Frontal_Inf_Orb_R,SupraMarginal_L
1667,15,63,16,64,-0.10276205693593735,0.10276205693593735,0.10276205693593735,1203,Frontal_Inf_Orb_R,SupraMarginal_R
1668,15,64,16,65,0.4965655812434244,0.4965655812434244,0.4965655812434244,12,Frontal_Inf_Orb_R,Angular_L
1669,15,65,16,66,0.0008895590162019691,0.0008895590162019691,0.0008895590162019691,5520,Frontal_Inf_Orb_R,Angular_R
1670,15,66,16,67,0.18967921669565602,0.18967921669565602,0.18967921669565602,363,Frontal_Inf_Orb_R,Precuneus_L
1671,15,67,16,68,0.12078305065588466,0.12078305065588466,0.12078305065588466,927,Frontal_Inf_Orb_R,Precuneus_R
1672,15,68,16,69,-0.03061952790700693,0.03061952790700693,0.03061952790700693,3519,Frontal_Inf_Orb_R,Paracentral_Lobule_L
1673,15,69,16,70,0.11740871199728203,0.11740871199728203,0.11740871199728203,972,Frontal_Inf_Orb_R,Paracentral_Lobule_R
1674,15,70,16,71,0.13625675266371165,0.13625675266371165,0.13625675266371165,763,Frontal_Inf_Orb_R,Caudate_L
1675,15,71,16,72,-0.09530372585519223,0.09530372585519223,0.09530372585519223,1329,Frontal_Inf_Orb_R,Caudate_R
1676,15,72,16,73,-0.006146438788433084,0.006146438788433084,0.006146438788433084,5109,Frontal_Inf_Orb_R,Putamen_L
1677,15,73,16,74,0.06438396162154354,0.06438396162154354,0.06438396162154354,2079,Frontal_Inf_Orb_R,Putamen_R
1678,15,74,16,75,0.1528274871586798,0.1528274871586798,0.1528274871586798,595,Frontal_Inf_Orb_R,Pallidum_L
1679,15,75,16,76,-0.09501547791202188,0.09501547791202188,0.09501547791202188,1339,Frontal_Inf_Orb_R,Pallidum_R
1680,15,76,16,77,0.0018025196666894997,0.0018025196666894997,0.0018025196666894997,5438,Frontal_Inf_Orb_R,Thalamus_L
1681,15,77,16,78,-0.10039053504297998,0.10039053504297998,0.10039053504297998,1238,Frontal_Inf_Orb_R,Thalamus_R
1682,15,78,16,79,0.0629366061848018,0.0629366061848018,0.0629366061848018,2128,Frontal_Inf_Orb_R,Heschl_L
1683,15,79,16,80,0.005256746204958509,0.005256746204958509,0.005256746204958509,5175,Frontal_Inf_Orb_R,Heschl_R
1684,15,80,16,81,-0.012770213049748642,0.012770213049748642,0.012770213049748642,4649,Frontal_Inf_Orb_R,Temporal_Sup_L
1685,15,81,16,82,-0.09913890887216133,0.09913890887216133,0.09913890887216133,1265,Frontal_Inf_Orb_R,Temporal_Sup_R
1686,15,82,16,83,0.13228774929202639,0.13228774929202639,0.13228774929202639,797,Frontal_Inf_Orb_R,Temporal_Pole_Sup_L
1687,15,83,16,84,-0.040335004489456656,0.040335004489456656,0.040335004489456656,3015,Frontal_Inf_Orb_R,Temporal_Pole_Sup_R
1688,15,84,16,85,0.16527331302358092,0.16527331302358092,0.16527331302358092,494,Frontal_Inf_Orb_R,Temporal_Mid_L
1689,15,85,16,86,0.006312440235865134,0.006312440235865134,0.006312440235865134,5097,Frontal_Inf_Orb_R,Temporal_Mid_R
1690,15,86,16,87,-0.050650973235519564,0.050650973235519564,0.050650973235519564,2564,Frontal_Inf_Orb_R,Temporal_Pole_Mid_L
1691,15,87,16,88,0.16561582022259583,0.16561582022259583,0.16561582022259583,490,Frontal_Inf_Orb_R,Temporal_Pole_Mid_R
1692,15,88,16,89,-0.1107106751581969,0.1107106751581969,0.1107106751581969,1072,Frontal_Inf_Orb_R,Temporal_Inf_L
1693,15,89,16,90,-0.04635665489219093,0.04635665489219093,0.04635665489219093,2733,Frontal_Inf_Orb_R,Temporal_Inf_R
1694,15,90,16,91,0.1510790404463399,0.1510790404463399,0.1510790404463399,613,Frontal_Inf_Orb_R,Cerebelum_Crus1_L
1695,15,91,16,92,0.028664188604063882,0.028664188604063882,0.028664188604063882,3626,Frontal_Inf_Orb_R,Cerebelum_Crus1_R
1696,15,92,16,93,0.0639326369384281,0.0639326369384281,0.0639326369384281,2096,Frontal_Inf_Orb_R,Cerebelum_Crus2_L
1697,15,93,16,94,-0.10176819691343238,0.10176819691343238,0.10176819691343238,1214,Frontal_Inf_Orb_R,Cerebelum_Crus2_R
1698,15,94,16,95,0.21581835948522746,0.21581835948522746,0.21581835948522746,255,Frontal_Inf_Orb_R,Cerebelum_3_L
1699,15,95,16,96,0.07689371714591214,0.07689371714591214,0.07689371714591214,1733,Frontal_Inf_Orb_R,Cerebelum_3_R
1700,15,96,16,97,0.04190523814239993,0.04190523814239993,0.04190523814239993,2918,Frontal_Inf_Orb_R,Cerebelum_4_5_L
1701,15,97,16,98,-0.10209295762895676,0.10209295762895676,0.10209295762895676,1210,Frontal_Inf_Orb_R,Cerebelum_4_5_R
1702,15,98,16,99,-0.01141900524346085,0.01141900524346085,0.01141900524346085,4762,Frontal_Inf_Orb_R,Cerebelum_6_L
1703,15,99,16,100,-0.17511463107748343,0.17511463107748343,0.17511463107748343,439,Frontal_Inf_Orb_R,Cerebelum_6_R
1704,15,100,16,101,-0.0728631845335963,0.0728631845335963,0.0728631845335963,1828,Frontal_Inf_Orb_R,Cerebelum_7b_L
1705,15,101,16,102,-0.12321086505435089,0.12321086505435089,0.12321086505435089,897,Frontal_Inf_Orb_R,Cerebelum_7b_R
1706,15,102,16,103,-0.07030342621612491,0.07030342621612491,0.07030342621612491,1896,Frontal_Inf_Orb_R,Cerebelum_8_L
1707,15,103,16,104,-0.14638888037362008,0.14638888037362008,0.14638888037362008,659,Frontal_Inf_Orb_R,Cerebelum_8_R
1708,15,104,16,105,0.07160152550374775,0.07160152550374775,0.07160152550374775,1861,Frontal_Inf_Orb_R,Cerebelum_9_L
1709,15,105,16,106,-0.032292624667001314,0.032292624667001314,0.032292624667001314,3414,Frontal_Inf_Orb_R,Cerebelum_9_R
1710,15,106,16,107,-0.044834761892483005,0.044834761892483005,0.044834761892483005,2790,Frontal_Inf_Orb_R,Cerebelum_10_L
1711,15,107,16,108,0.06827940695573528,0.06827940695573528,0.06827940695573528,1950,Frontal_Inf_Orb_R,Cerebelum_10_R
1712,15,108,16,109,-0.06709518646967955,0.06709518646967955,0.06709518646967955,1995,Frontal_Inf_Orb_R,Vermis_1_2
1713,15,109,16,110,-0.023674485446219695,0.023674485446219695,0.023674485446219695,3926,Frontal_Inf_Orb_R,Vermis_3
1714,15,110,16,111,0.010284425839762926,0.010284425839762926,0.010284425839762926,4830,Frontal_Inf_Orb_R,Vermis_4_5
1715,15,111,16,112,-0.011965623727422242,0.011965623727422242,0.011965623727422242,4714,Frontal_Inf_Orb_R,Vermis_6
1716,15,112,16,113,-0.05639668953830486,0.05639668953830486,0.05639668953830486,2354,Frontal_Inf_Orb_R,Vermis_7
1717,15,113,16,114,-0.07299224318635703,0.07299224318635703,0.07299224318635703,1824,Frontal_Inf_Orb_R,Vermis_8
1718,15,114,16,115,0.03295792646227615,0.03295792646227615,0.03295792646227615,3377,Frontal_Inf_Orb_R,Vermis_9
1719,15,115,16,116,-0.04784902653484203,0.04784902653484203,0.04784902653484203,2669,Frontal_Inf_Orb_R,Vermis_10
1720,16,17,17,18,-0.010137407612216312,0.010137407612216312,0.010137407612216312,4845,Rolandic_Oper_L,Rolandic_Oper_R
1721,16,18,17,19,-0.024649814130048475,0.024649814130048475,0.024649814130048475,3862,Rolandic_Oper_L,Supp_Motor_Area_L
1722,16,19,17,20,0.04863499501963397,0.04863499501963397,0.04863499501963397,2641,Rolandic_Oper_L,Supp_Motor_Area_R
1723,16,20,17,21,0.01630480241164169,0.01630480241164169,0.01630480241164169,4389,Rolandic_Oper_L,Olfactory_L
1724,16,21,17,22,-0.021803471374066893,0.021803471374066893,0.021803471374066893,4061,Rolandic_Oper_L,Olfactory_R
1725,16,22,17,23,-0.017959748529842723,0.017959748529842723,0.017959748529842723,4283,Rolandic_Oper_L,Frontal_Sup_Medial_L
1726,16,23,17,24,-0.018486248699196108,0.018486248699196108,0.018486248699196108,4253,Rolandic_Oper_L,Frontal_Sup_Medial_R
1727,16,24,17,25,-0.014070207375691712,0.014070207375691712,0.014070207375691712,4542,Rolandic_Oper_L,Frontal_Med_Orb_L
1728,16,25,17,26,0.03324097786612874,0.03324097786612874,0.03324097786612874,3359,Rolandic_Oper_L,Frontal_Med_Orb_R
1729,16,26,17,27,-0.02477916602083222,0.02477916602083222,0.02477916602083222,3856,Rolandic_Oper_L,Rectus_L
1730,16,27,17,28,0.040354626975642155,0.040354626975642155,0.040354626975642155,3013,Rolandic_Oper_L,Rectus_R
1731,16,28,17,29,-0.030291265818315462,0.030291265818315462,0.030291265818315462,3544,Rolandic_Oper_L,Insula_L
1732,16,29,17,30,-0.026011813025927904,0.026011813025927904,0.026011813025927904,3792,Rolandic_Oper_L,Insula_R
1733,16,30,17,31,0.10288727585862628,0.10288727585862628,0.10288727585862628,1199,Rolandic_Oper_L,Cingulum_Ant_L
1734,16,31,17,32,-0.018924460539380596,0.018924460539380596,0.018924460539380596,4229,Rolandic_Oper_L,Cingulum_Ant_R
1735,16,32,17,33,0.041790217735181746,0.041790217735181746,0.041790217735181746,2928,Rolandic_Oper_L,Cingulum_Mid_L
1736,16,33,17,34,-0.011677494316528533,0.011677494316528533,0.011677494316528533,4738,Rolandic_Oper_L,Cingulum_Mid_R
1737,16,34,17,35,0.04220663996573669,0.04220663996573669,0.04220663996573669,2903,Rolandic_Oper_L,Cingulum_Post_L
1738,16,35,17,36,0.04517515526066035,0.04517515526066035,0.04517515526066035,2775,Rolandic_Oper_L,Cingulum_Post_R
1739,16,36,17,37,0.03359325320559837,0.03359325320559837,0.03359325320559837,3333,Rolandic_Oper_L,Hippocampus_L
1740,16,37,17,38,-0.011537807636036727,0.011537807636036727,0.011537807636036727,4749,Rolandic_Oper_L,Hippocampus_R
1741,16,38,17,39,-0.06178081383091058,0.06178081383091058,0.06178081383091058,2166,Rolandic_Oper_L,ParaHippocampal_L
1742,16,39,17,40,0.008155908933865696,0.008155908933865696,0.008155908933865696,4981,Rolandic_Oper_L,ParaHippocampal_R
1743,16,40,17,41,-0.04037233906895437,0.04037233906895437,0.04037233906895437,3011,Rolandic_Oper_L,Amygdala_L
1744,16,41,17,42,-0.031035137073370325,0.031035137073370325,0.031035137073370325,3490,Rolandic_Oper_L,Amygdala_R
1745,16,42,17,43,0.003025251335849822,0.003025251335849822,0.003025251335849822,5354,Rolandic_Oper_L,Calcarine_L
1746,16,43,17,44,0.01859781695704995,0.01859781695704995,0.01859781695704995,4247,Rolandic_Oper_L,Calcarine_R
1747,16,44,17,45,0.04057787793287457,0.04057787793287457,0.04057787793287457,2999,Rolandic_Oper_L,Cuneus_L
1748,16,45,17,46,0.01561584531917573,0.01561584531917573,0.01561584531917573,4443,Rolandic_Oper_L,Cuneus_R
1749,16,46,17,47,-0.0035923184564764245,0.0035923184564764245,0.0035923184564764245,5309,Rolandic_Oper_L,Lingual_L
1750,16,47,17,48,0.031165242630380143,0.031165242630380143,0.031165242630380143,3481,Rolandic_Oper_L,Lingual_R
1751,16,48,17,49,0.051458845426263104,0.051458845426263104,0.051458845426263104,2528,Rolandic_Oper_L,Occipital_Sup_L
1752,16,49,17,50,-0.003895158722816181,0.003895158722816181,0.003895158722816181,5284,Rolandic_Oper_L,Occipital_Sup_R
1753,16,50,17,51,0.029686106057396498,0.029686106057396498,0.029686106057396498,3578,Rolandic_Oper_L,Occipital_Mid_L
1754,16,51,17,52,0.03256233768422192,0.03256233768422192,0.03256233768422192,3399,Rolandic_Oper_L,Occipital_Mid_R
1755,16,52,17,53,0.02364086358168057,0.02364086358168057,0.02364086358168057,3930,Rolandic_Oper_L,Occipital_Inf_L
1756,16,53,17,54,0.00475962549336541,0.00475962549336541,0.00475962549336541,5215,Rolandic_Oper_L,Occipital_Inf_R
1757,16,54,17,55,-0.06490331940157203,0.06490331940157203,0.06490331940157203,2063,Rolandic_Oper_L,Fusiform_L
1758,16,55,17,56,-0.02254685859337308,0.02254685859337308,0.02254685859337308,4010,Rolandic_Oper_L,Fusiform_R
1759,16,56,17,57,-0.003395640967179675,0.003395640967179675,0.003395640967179675,5324,Rolandic_Oper_L,Postcentral_L
1760,16,57,17,58,-0.03948802605840643,0.03948802605840643,0.03948802605840643,3051,Rolandic_Oper_L,Postcentral_R
1761,16,58,17,59,0.000494794797939186,0.000494794797939186,0.000494794797939186,6126,Rolandic_Oper_L,Parietal_Sup_L
1762,16,59,17,60,0.000545234657119506,0.000545234657119506,0.000545234657119506,5880,Rolandic_Oper_L,Parietal_Sup_R
1763,16,60,17,61,-0.17643769792413452,0.17643769792413452,0.17643769792413452,428,Rolandic_Oper_L,Parietal_Inf_L
1764,16,61,17,62,0.0004626001689831809,0.0004626001689831809,0.0004626001689831809,6431,Rolandic_Oper_L,Parietal_Inf_R
1765,16,62,17,63,0.0005269658314022041,0.0005269658314022041,0.0005269658314022041,5936,Rolandic_Oper_L,SupraMarginal_L
1766,16,63,17,64,-0.05637685684178749,0.05637685684178749,0.05637685684178749,2357,Rolandic_Oper_L,SupraMarginal_R
1767,16,64,17,65,0.08597661659708739,0.08597661659708739,0.08597661659708739,1521,Rolandic_Oper_L,Angular_L
1768,16,65,17,66,0.0008603560825448044,0.0008603560825448044,0.0008603560825448044,5589,Rolandic_Oper_L,Angular_R
1769,16,66,17,67,0.04407054305157865,0.04407054305157865,0.04407054305157865,2828,Rolandic_Oper_L,Precuneus_L
1770,16,67,17,68,0.01553081695619147,0.01553081695619147,0.01553081695619147,4449,Rolandic_Oper_L,Precuneus_R
1771,16,68,17,69,-0.027505014986352397,0.027505014986352397,0.027505014986352397,3702,Rolandic_Oper_L,Paracentral_Lobule_L
1772,16,69,17,70,-0.018818096129597926,0.018818096129597926,0.018818096129597926,4235,Rolandic_Oper_L,Paracentral_Lobule_R
1773,16,70,17,71,0.07851309277704606,0.07851309277704606,0.07851309277704606,1689,Rolandic_Oper_L,Caudate_L
1774,16,71,17,72,0.13004556694686362,0.13004556694686362,0.13004556694686362,822,Rolandic_Oper_L,Caudate_R
1775,16,72,17,73,-0.024000023312483708,0.024000023312483708,0.024000023312483708,3906,Rolandic_Oper_L,Putamen_L
1776,16,73,17,74,0.05788086804690717,0.05788086804690717,0.05788086804690717,2305,Rolandic_Oper_L,Putamen_R
1777,16,74,17,75,-0.0680487794929389,0.0680487794929389,0.0680487794929389,1957,Rolandic_Oper_L,Pallidum_L
1778,16,75,17,76,-0.010096548090986892,0.010096548090986892,0.010096548090986892,4847,Rolandic_Oper_L,Pallidum_R
1779,16,76,17,77,0.015604010066573946,0.015604010066573946,0.015604010066573946,4444,Rolandic_Oper_L,Thalamus_L
1780,16,77,17,78,0.13287442866280974,0.13287442866280974,0.13287442866280974,791,Rolandic_Oper_L,Thalamus_R
1781,16,78,17,79,0.0415075075292016,0.0415075075292016,0.0415075075292016,2943,Rolandic_Oper_L,Heschl_L
1782,16,79,17,80,0.03824580773890397,0.03824580773890397,0.03824580773890397,3107,Rolandic_Oper_L,Heschl_R
1783,16,80,17,81,0.005522139561334624,0.005522139561334624,0.005522139561334624,5155,Rolandic_Oper_L,Temporal_Sup_L
1784,16,81,17,82,0.14489340164598719,0.14489340164598719,0.14489340164598719,673,Rolandic_Oper_L,Temporal_Sup_R
1785,16,82,17,83,-0.12097303990881303,0.12097303990881303,0.12097303990881303,924,Rolandic_Oper_L,Temporal_Pole_Sup_L
1786,16,83,17,84,0.0519084240169633,0.0519084240169633,0.0519084240169633,2507,Rolandic_Oper_L,Temporal_Pole_Sup_R
1787,16,84,17,85,-0.018311366985232693,0.018311366985232693,0.018311366985232693,4263,Rolandic_Oper_L,Temporal_Mid_L
1788,16,85,17,86,0.04017432153467629,0.04017432153467629,0.04017432153467629,3025,Rolandic_Oper_L,Temporal_Mid_R
1789,16,86,17,87,-0.015899823479425073,0.015899823479425073,0.015899823479425073,4422,Rolandic_Oper_L,Temporal_Pole_Mid_L
1790,16,87,17,88,-0.02617338935500555,0.02617338935500555,0.02617338935500555,3786,Rolandic_Oper_L,Temporal_Pole_Mid_R
1791,16,88,17,89,-0.07104844120266153,0.07104844120266153,0.07104844120266153,1874,Rolandic_Oper_L,Temporal_Inf_L
1792,16,89,17,90,-0.005864187560115195,0.005864187560115195,0.005864187560115195,5127,Rolandic_Oper_L,Temporal_Inf_R
1793,16,90,17,91,0.06387435101726475,0.06387435101726475,0.06387435101726475,2100,Rolandic_Oper_L,Cerebelum_Crus1_L
1794,16,91,17,92,0.05162685181933843,0.05162685181933843,0.05162685181933843,2521,Rolandic_Oper_L,Cerebelum_Crus1_R
1795,16,92,17,93,-0.031230501254824773,0.031230501254824773,0.031230501254824773,3477,Rolandic_Oper_L,Cerebelum_Crus2_L
1796,16,93,17,94,0.0673895771733905,0.0673895771733905,0.0673895771733905,1984,Rolandic_Oper_L,Cerebelum_Crus2_R
1797,16,94,17,95,0.02525961519947397,0.02525961519947397,0.02525961519947397,3827,Rolandic_Oper_L,Cerebelum_3_L
1798,16,95,17,96,-0.020468770876911898,0.020468770876911898,0.020468770876911898,4143,Rolandic_Oper_L,Cerebelum_3_R
1799,16,96,17,97,0.01612162810993923,0.01612162810993923,0.01612162810993923,4401,Rolandic_Oper_L,Cerebelum_4_5_L
1800,16,97,17,98,0.03814312291587076,0.03814312291587076,0.03814312291587076,3112,Rolandic_Oper_L,Cerebelum_4_5_R
1801,16,98,17,99,0.09462071938366313,0.09462071938366313,0.09462071938366313,1348,Rolandic_Oper_L,Cerebelum_6_L
1802,16,99,17,100,0.08348056012163751,0.08348056012163751,0.08348056012163751,1576,Rolandic_Oper_L,Cerebelum_6_R
1803,16,100,17,101,-0.07263746303279271,0.07263746303279271,0.07263746303279271,1835,Rolandic_Oper_L,Cerebelum_7b_L
1804,16,101,17,102,-0.06477337625464566,0.06477337625464566,0.06477337625464566,2065,Rolandic_Oper_L,Cerebelum_7b_R
1805,16,102,17,103,-0.08992565406773459,0.08992565406773459,0.08992565406773459,1438,Rolandic_Oper_L,Cerebelum_8_L
1806,16,103,17,104,0.030081701189473776,0.030081701189473776,0.030081701189473776,3557,Rolandic_Oper_L,Cerebelum_8_R
1807,16,104,17,105,0.0236172583163898,0.0236172583163898,0.0236172583163898,3934,Rolandic_Oper_L,Cerebelum_9_L
1808,16,105,17,106,0.01393050705195114,0.01393050705195114,0.01393050705195114,4557,Rolandic_Oper_L,Cerebelum_9_R
1809,16,106,17,107,0.0908903922279761,0.0908903922279761,0.0908903922279761,1424,Rolandic_Oper_L,Cerebelum_10_L
1810,16,107,17,108,0.017073184399077138,0.017073184399077138,0.017073184399077138,4330,Rolandic_Oper_L,Cerebelum_10_R
1811,16,108,17,109,0.016969210275421483,0.016969210275421483,0.016969210275421483,4338,Rolandic_Oper_L,Vermis_1_2
1812,16,109,17,110,-0.004034371585777154,0.004034371585777154,0.004034371585777154,5270,Rolandic_Oper_L,Vermis_3
1813,16,110,17,111,-0.008211192289856145,0.008211192289856145,0.008211192289856145,4974,Rolandic_Oper_L,Vermis_4_5
1814,16,111,17,112,0.0694158006018568,0.0694158006018568,0.0694158006018568,1922,Rolandic_Oper_L,Vermis_6
1815,16,112,17,113,0.02118259081387678,0.02118259081387678,0.02118259081387678,4098,Rolandic_Oper_L,Vermis_7
1816,16,113,17,114,0.04578293198212738,0.04578293198212738,0.04578293198212738,2752,Rolandic_Oper_L,Vermis_8
1817,16,114,17,115,0.03350999456155247,0.03350999456155247,0.03350999456155247,3340,Rolandic_Oper_L,Vermis_9
1818,16,115,17,116,-0.045735117843007995,0.045735117843007995,0.045735117843007995,2758,Rolandic_Oper_L,Vermis_10
1819,17,18,18,19,-0.08550527077407426,0.08550527077407426,0.08550527077407426,1530,Rolandic_Oper_R,Supp_Motor_Area_L
1820,17,19,18,20,0.02944626505144326,0.02944626505144326,0.02944626505144326,3594,Rolandic_Oper_R,Supp_Motor_Area_R
1821,17,20,18,21,0.020707491184772005,0.020707491184772005,0.020707491184772005,4126,Rolandic_Oper_R,Olfactory_L
1822,17,21,18,22,-0.024527401014927338,0.024527401014927338,0.024527401014927338,3876,Rolandic_Oper_R,Olfactory_R
1823,17,22,18,23,0.006911188341439798,0.006911188341439798,0.006911188341439798,5053,Rolandic_Oper_R,Frontal_Sup_Medial_L
1824,17,23,18,24,-0.018141733494461052,0.018141733494461052,0.018141733494461052,4269,Rolandic_Oper_R,Frontal_Sup_Medial_R
1825,17,24,18,25,0.009562632866603167,0.009562632866603167,0.009562632866603167,4882,Rolandic_Oper_R,Frontal_Med_Orb_L
1826,17,25,18,26,0.05265677874559239,0.05265677874559239,0.05265677874559239,2477,Rolandic_Oper_R,Frontal_Med_Orb_R
1827,17,26,18,27,0.021927074494515326,0.021927074494515326,0.021927074494515326,4054,Rolandic_Oper_R,Rectus_L
1828,17,27,18,28,0.06651240554697856,0.06651240554697856,0.06651240554697856,2017,Rolandic_Oper_R,Rectus_R
1829,17,28,18,29,-0.06354548252717813,0.06354548252717813,0.06354548252717813,2113,Rolandic_Oper_R,Insula_L
1830,17,29,18,30,-0.09640350440268478,0.09640350440268478,0.09640350440268478,1309,Rolandic_Oper_R,Insula_R
1831,17,30,18,31,0.03979109414042988,0.03979109414042988,0.03979109414042988,3042,Rolandic_Oper_R,Cingulum_Ant_L
1832,17,31,18,32,-0.06406714640733324,0.06406714640733324,0.06406714640733324,2091,Rolandic_Oper_R,Cingulum_Ant_R
1833,17,32,18,33,0.04469204096640238,0.04469204096640238,0.04469204096640238,2796,Rolandic_Oper_R,Cingulum_Mid_L
1834,17,33,18,34,-0.011900365977599069,0.011900365977599069,0.011900365977599069,4721,Rolandic_Oper_R,Cingulum_Mid_R
1835,17,34,18,35,0.0856969914655207,0.0856969914655207,0.0856969914655207,1527,Rolandic_Oper_R,Cingulum_Post_L
1836,17,35,18,36,0.010678206071167316,0.010678206071167316,0.010678206071167316,4801,Rolandic_Oper_R,Cingulum_Post_R
1837,17,36,18,37,0.03501022547948495,0.03501022547948495,0.03501022547948495,3253,Rolandic_Oper_R,Hippocampus_L
1838,17,37,18,38,0.03414652529119421,0.03414652529119421,0.03414652529119421,3300,Rolandic_Oper_R,Hippocampus_R
1839,17,38,18,39,0.02598014775674204,0.02598014775674204,0.02598014775674204,3794,Rolandic_Oper_R,ParaHippocampal_L
1840,17,39,18,40,0.013903779609138226,0.013903779609138226,0.013903779609138226,4560,Rolandic_Oper_R,ParaHippocampal_R
1841,17,40,18,41,-0.02460954917765191,0.02460954917765191,0.02460954917765191,3867,Rolandic_Oper_R,Amygdala_L
1842,17,41,18,42,-0.011538279007665974,0.011538279007665974,0.011538279007665974,4748,Rolandic_Oper_R,Amygdala_R
1843,17,42,18,43,-0.00944964691514775,0.00944964691514775,0.00944964691514775,4889,Rolandic_Oper_R,Calcarine_L
1844,17,43,18,44,0.00014515579906350216,0.00014515579906350216,0.00014515579906350216,6660,Rolandic_Oper_R,Calcarine_R
1845,17,44,18,45,0.05226629272580643,0.05226629272580643,0.05226629272580643,2495,Rolandic_Oper_R,Cuneus_L
1846,17,45,18,46,-0.011246526942953207,0.011246526942953207,0.011246526942953207,4773,Rolandic_Oper_R,Cuneus_R
1847,17,46,18,47,-0.03261393847741762,0.03261393847741762,0.03261393847741762,3397,Rolandic_Oper_R,Lingual_L
1848,17,47,18,48,0.01926809020770634,0.01926809020770634,0.01926809020770634,4208,Rolandic_Oper_R,Lingual_R
1849,17,48,18,49,0.058219098161758076,0.058219098161758076,0.058219098161758076,2286,Rolandic_Oper_R,Occipital_Sup_L
1850,17,49,18,50,-0.019840085591444526,0.019840085591444526,0.019840085591444526,4172,Rolandic_Oper_R,Occipital_Sup_R
1851,17,50,18,51,0.0315019457419294,0.0315019457419294,0.0315019457419294,3460,Rolandic_Oper_R,Occipital_Mid_L
1852,17,51,18,52,0.009589422513110167,0.009589422513110167,0.009589422513110167,4880,Rolandic_Oper_R,Occipital_Mid_R
1853,17,52,18,53,0.022417768324698207,0.022417768324698207,0.022417768324698207,4023,Rolandic_Oper_R,Occipital_Inf_L
1854,17,53,18,54,-0.013941745330549597,0.013941745330549597,0.013941745330549597,4554,Rolandic_Oper_R,Occipital_Inf_R
1855,17,54,18,55,-0.06272844807107938,0.06272844807107938,0.06272844807107938,2132,Rolandic_Oper_R,Fusiform_L
1856,17,55,18,56,-0.0327357452486513,0.0327357452486513,0.0327357452486513,3388,Rolandic_Oper_R,Fusiform_R
1857,17,56,18,57,0.027509197601232015,0.027509197601232015,0.027509197601232015,3701,Rolandic_Oper_R,Postcentral_L
1858,17,57,18,58,-0.004258160499323634,0.004258160499323634,0.004258160499323634,5249,Rolandic_Oper_R,Postcentral_R
1859,17,58,18,59,0.0004941383748734762,0.0004941383748734762,0.0004941383748734762,6129,Rolandic_Oper_R,Parietal_Sup_L
1860,17,59,18,60,0.0005433174337737001,0.0005433174337737001,0.0005433174337737001,5886,Rolandic_Oper_R,Parietal_Sup_R
1861,17,60,18,61,-0.09270986124173299,0.09270986124173299,0.09270986124173299,1391,Rolandic_Oper_R,Parietal_Inf_L
1862,17,61,18,62,0.00045981448970830766,0.00045981448970830766,0.00045981448970830766,6455,Rolandic_Oper_R,Parietal_Inf_R
1863,17,62,18,63,0.0005248128938760337,0.0005248128938760337,0.0005248128938760337,5946,Rolandic_Oper_R,SupraMarginal_L
1864,17,63,18,64,-0.11539509523957253,0.11539509523957253,0.11539509523957253,1004,Rolandic_Oper_R,SupraMarginal_R
1865,17,64,18,65,0.1905896046097398,0.1905896046097398,0.1905896046097398,351,Rolandic_Oper_R,Angular_L
1866,17,65,18,66,0.0008621820519924386,0.0008621820519924386,0.0008621820519924386,5584,Rolandic_Oper_R,Angular_R
1867,17,66,18,67,0.04452169378915911,0.04452169378915911,0.04452169378915911,2805,Rolandic_Oper_R,Precuneus_L
1868,17,67,18,68,0.00014767284300293922,0.00014767284300293922,0.00014767284300293922,6659,Rolandic_Oper_R,Precuneus_R
1869,17,68,18,69,-0.013920760799764191,0.013920760799764191,0.013920760799764191,4559,Rolandic_Oper_R,Paracentral_Lobule_L
1870,17,69,18,70,-0.008058569448311913,0.008058569448311913,0.008058569448311913,4988,Rolandic_Oper_R,Paracentral_Lobule_R
1871,17,70,18,71,0.03052757784745278,0.03052757784745278,0.03052757784745278,3529,Rolandic_Oper_R,Caudate_L
1872,17,71,18,72,0.058360027155602213,0.058360027155602213,0.058360027155602213,2282,Rolandic_Oper_R,Caudate_R
1873,17,72,18,73,-0.016705198295481873,0.016705198295481873,0.016705198295481873,4357,Rolandic_Oper_R,Putamen_L
1874,17,73,18,74,0.027356606943331016,0.027356606943331016,0.027356606943331016,3712,Rolandic_Oper_R,Putamen_R
1875,17,74,18,75,-0.06978915632203501,0.06978915632203501,0.06978915632203501,1912,Rolandic_Oper_R,Pallidum_L
1876,17,75,18,76,0.00936794173134222,0.00936794173134222,0.00936794173134222,4895,Rolandic_Oper_R,Pallidum_R
1877,17,76,18,77,-0.01885714542556677,0.01885714542556677,0.01885714542556677,4233,Rolandic_Oper_R,Thalamus_L
1878,17,77,18,78,0.09405831797293934,0.09405831797293934,0.09405831797293934,1361,Rolandic_Oper_R,Thalamus_R
1879,17,78,18,79,0.028356921161373227,0.028356921161373227,0.028356921161373227,3640,Rolandic_Oper_R,Heschl_L
1880,17,79,18,80,0.01806454498562706,0.01806454498562706,0.01806454498562706,4276,Rolandic_Oper_R,Heschl_R
1881,17,80,18,81,-0.07942513795849494,0.07942513795849494,0.07942513795849494,1667,Rolandic_Oper_R,Temporal_Sup_L
1882,17,81,18,82,0.1282485428848244,0.1282485428848244,0.1282485428848244,842,Rolandic_Oper_R,Temporal_Sup_R
1883,17,82,18,83,-0.08725256615099723,0.08725256615099723,0.08725256615099723,1497,Rolandic_Oper_R,Temporal_Pole_Sup_L
1884,17,83,18,84,0.09365916841566894,0.09365916841566894,0.09365916841566894,1370,Rolandic_Oper_R,Temporal_Pole_Sup_R
1885,17,84,18,85,0.12261312612745041,0.12261312612745041,0.12261312612745041,901,Rolandic_Oper_R,Temporal_Mid_L
1886,17,85,18,86,0.07106204029088568,0.07106204029088568,0.07106204029088568,1871,Rolandic_Oper_R,Temporal_Mid_R
1887,17,86,18,87,0.03140742981448811,0.03140742981448811,0.03140742981448811,3466,Rolandic_Oper_R,Temporal_Pole_Mid_L
1888,17,87,18,88,0.03935760429848985,0.03935760429848985,0.03935760429848985,3062,Rolandic_Oper_R,Temporal_Pole_Mid_R
1889,17,88,18,89,0.015137808034767207,0.015137808034767207,0.015137808034767207,4469,Rolandic_Oper_R,Temporal_Inf_L
1890,17,89,18,90,0.05648263067276525,0.05648263067276525,0.05648263067276525,2350,Rolandic_Oper_R,Temporal_Inf_R
1891,17,90,18,91,0.03856290610111308,0.03856290610111308,0.03856290610111308,3095,Rolandic_Oper_R,Cerebelum_Crus1_L
1892,17,91,18,92,0.14582487756076615,0.14582487756076615,0.14582487756076615,665,Rolandic_Oper_R,Cerebelum_Crus1_R
1893,17,92,18,93,-0.03183108296900056,0.03183108296900056,0.03183108296900056,3444,Rolandic_Oper_R,Cerebelum_Crus2_L
1894,17,93,18,94,0.1928944395106264,0.1928944395106264,0.1928944395106264,338,Rolandic_Oper_R,Cerebelum_Crus2_R
1895,17,94,18,95,0.020773604887024958,0.020773604887024958,0.020773604887024958,4124,Rolandic_Oper_R,Cerebelum_3_L
1896,17,95,18,96,-0.026576682669737416,0.026576682669737416,0.026576682669737416,3756,Rolandic_Oper_R,Cerebelum_3_R
1897,17,96,18,97,0.04578815403615539,0.04578815403615539,0.04578815403615539,2751,Rolandic_Oper_R,Cerebelum_4_5_L
1898,17,97,18,98,0.019495974366256507,0.019495974366256507,0.019495974366256507,4190,Rolandic_Oper_R,Cerebelum_4_5_R
1899,17,98,18,99,0.06393679077522481,0.06393679077522481,0.06393679077522481,2095,Rolandic_Oper_R,Cerebelum_6_L
1900,17,99,18,100,0.10606674296843582,0.10606674296843582,0.10606674296843582,1143,Rolandic_Oper_R,Cerebelum_6_R
1901,17,100,18,101,-0.09339329571665991,0.09339329571665991,0.09339329571665991,1378,Rolandic_Oper_R,Cerebelum_7b_L
1902,17,101,18,102,-0.021190894342745483,0.021190894342745483,0.021190894342745483,4096,Rolandic_Oper_R,Cerebelum_7b_R
1903,17,102,18,103,-0.06655159880398477,0.06655159880398477,0.06655159880398477,2015,Rolandic_Oper_R,Cerebelum_8_L
1904,17,103,18,104,0.044158066270466756,0.044158066270466756,0.044158066270466756,2823,Rolandic_Oper_R,Cerebelum_8_R
1905,17,104,18,105,0.0036620841960506613,0.0036620841960506613,0.0036620841960506613,5302,Rolandic_Oper_R,Cerebelum_9_L
1906,17,105,18,106,0.06473637920536436,0.06473637920536436,0.06473637920536436,2067,Rolandic_Oper_R,Cerebelum_9_R
1907,17,106,18,107,-0.011911244203094596,0.011911244203094596,0.011911244203094596,4717,Rolandic_Oper_R,Cerebelum_10_L
1908,17,107,18,108,-0.011892871423363932,0.011892871423363932,0.011892871423363932,4722,Rolandic_Oper_R,Cerebelum_10_R
1909,17,108,18,109,0.026792618644017434,0.026792618644017434,0.026792618644017434,3740,Rolandic_Oper_R,Vermis_1_2
1910,17,109,18,110,-0.01920198841711278,0.01920198841711278,0.01920198841711278,4211,Rolandic_Oper_R,Vermis_3
1911,17,110,18,111,-0.026063416660138426,0.026063416660138426,0.026063416660138426,3789,Rolandic_Oper_R,Vermis_4_5
1912,17,111,18,112,0.04194150734655572,0.04194150734655572,0.04194150734655572,2916,Rolandic_Oper_R,Vermis_6
1913,17,112,18,113,0.009420927259063721,0.009420927259063721,0.009420927259063721,4892,Rolandic_Oper_R,Vermis_7
1914,17,113,18,114,0.026925077693885056,0.026925077693885056,0.026925077693885056,3735,Rolandic_Oper_R,Vermis_8
1915,17,114,18,115,0.029866434077367516,0.029866434077367516,0.029866434077367516,3567,Rolandic_Oper_R,Vermis_9
1916,17,115,18,116,-0.021309901319444113,0.021309901319444113,0.021309901319444113,4093,Rolandic_Oper_R,Vermis_10
1917,18,19,19,20,-0.15324705228687427,0.15324705228687427,0.15324705228687427,588,Supp_Motor_Area_L,Supp_Motor_Area_R
1918,18,20,19,21,0.0006649749795767132,0.0006649749795767132,0.0006649749795767132,5658,Supp_Motor_Area_L,Olfactory_L
1919,18,21,19,22,-0.025811126724700633,0.025811126724700633,0.025811126724700633,3800,Supp_Motor_Area_L,Olfactory_R
1920,18,22,19,23,-0.021953305615139165,0.021953305615139165,0.021953305615139165,4053,Supp_Motor_Area_L,Frontal_Sup_Medial_L
1921,18,23,19,24,0.09741124069772256,0.09741124069772256,0.09741124069772256,1292,Supp_Motor_Area_L,Frontal_Sup_Medial_R
1922,18,24,19,25,0.07624080351151793,0.07624080351151793,0.07624080351151793,1751,Supp_Motor_Area_L,Frontal_Med_Orb_L
1923,18,25,19,26,0.2423537926496658,0.2423537926496658,0.2423537926496658,174,Supp_Motor_Area_L,Frontal_Med_Orb_R
1924,18,26,19,27,-0.06282962402465173,0.06282962402465173,0.06282962402465173,2130,Supp_Motor_Area_L,Rectus_L
1925,18,27,19,28,0.07105440839243239,0.07105440839243239,0.07105440839243239,1872,Supp_Motor_Area_L,Rectus_R
1926,18,28,19,29,-0.3665831620138921,0.3665831620138921,0.3665831620138921,31,Supp_Motor_Area_L,Insula_L
1927,18,29,19,30,-0.2799581751117485,0.2799581751117485,0.2799581751117485,102,Supp_Motor_Area_L,Insula_R
1928,18,30,19,31,-0.052505572281264186,0.052505572281264186,0.052505572281264186,2488,Supp_Motor_Area_L,Cingulum_Ant_L
1929,18,31,19,32,-0.053223329092464876,0.053223329092464876,0.053223329092464876,2459,Supp_Motor_Area_L,Cingulum_Ant_R
1930,18,32,19,33,-0.2058781280139249,0.2058781280139249,0.2058781280139249,284,Supp_Motor_Area_L,Cingulum_Mid_L
1931,18,33,19,34,-0.2320075140970454,0.2320075140970454,0.2320075140970454,209,Supp_Motor_Area_L,Cingulum_Mid_R
1932,18,34,19,35,0.008555735641799594,0.008555735641799594,0.008555735641799594,4942,Supp_Motor_Area_L,Cingulum_Post_L
1933,18,35,19,36,-0.036889665326862005,0.036889665326862005,0.036889665326862005,3168,Supp_Motor_Area_L,Cingulum_Post_R
1934,18,36,19,37,0.03865803635896628,0.03865803635896628,0.03865803635896628,3090,Supp_Motor_Area_L,Hippocampus_L
1935,18,37,19,38,-0.04828717895283419,0.04828717895283419,0.04828717895283419,2649,Supp_Motor_Area_L,Hippocampus_R
1936,18,38,19,39,0.03898771720077874,0.03898771720077874,0.03898771720077874,3079,Supp_Motor_Area_L,ParaHippocampal_L
1937,18,39,19,40,0.07220915788053937,0.07220915788053937,0.07220915788053937,1844,Supp_Motor_Area_L,ParaHippocampal_R
1938,18,40,19,41,-0.04779232488452222,0.04779232488452222,0.04779232488452222,2671,Supp_Motor_Area_L,Amygdala_L
1939,18,41,19,42,-0.05568952089828858,0.05568952089828858,0.05568952089828858,2375,Supp_Motor_Area_L,Amygdala_R
1940,18,42,19,43,-0.014569968922529404,0.014569968922529404,0.014569968922529404,4506,Supp_Motor_Area_L,Calcarine_L
1941,18,43,19,44,-0.0024502399199973755,0.0024502399199973755,0.0024502399199973755,5389,Supp_Motor_Area_L,Calcarine_R
1942,18,44,19,45,0.022876346995440288,0.022876346995440288,0.022876346995440288,3988,Supp_Motor_Area_L,Cuneus_L
1943,18,45,19,46,-0.015570949896573278,0.015570949896573278,0.015570949896573278,4447,Supp_Motor_Area_L,Cuneus_R
1944,18,46,19,47,0.02053023614636672,0.02053023614636672,0.02053023614636672,4137,Supp_Motor_Area_L,Lingual_L
1945,18,47,19,48,0.020873043494157247,0.020873043494157247,0.020873043494157247,4121,Supp_Motor_Area_L,Lingual_R
1946,18,48,19,49,0.07654441858065986,0.07654441858065986,0.07654441858065986,1744,Supp_Motor_Area_L,Occipital_Sup_L
1947,18,49,19,50,0.0022689107954738047,0.0022689107954738047,0.0022689107954738047,5398,Supp_Motor_Area_L,Occipital_Sup_R
1948,18,50,19,51,0.02384844683847819,0.02384844683847819,0.02384844683847819,3913,Supp_Motor_Area_L,Occipital_Mid_L
1949,18,51,19,52,0.019207928664501137,0.019207928664501137,0.019207928664501137,4210,Supp_Motor_Area_L,Occipital_Mid_R
1950,18,52,19,53,0.047784162536244935,0.047784162536244935,0.047784162536244935,2672,Supp_Motor_Area_L,Occipital_Inf_L
1951,18,53,19,54,-0.03194231687720444,0.03194231687720444,0.03194231687720444,3438,Supp_Motor_Area_L,Occipital_Inf_R
1952,18,54,19,55,-0.05500867518537587,0.05500867518537587,0.05500867518537587,2396,Supp_Motor_Area_L,Fusiform_L
1953,18,55,19,56,0.013666283782217972,0.013666283782217972,0.013666283782217972,4588,Supp_Motor_Area_L,Fusiform_R
1954,18,56,19,57,0.019150629426200307,0.019150629426200307,0.019150629426200307,4213,Supp_Motor_Area_L,Postcentral_L
1955,18,57,19,58,0.014767573615972258,0.014767573615972258,0.014767573615972258,4493,Supp_Motor_Area_L,Postcentral_R
1956,18,58,19,59,0.0005174880942262248,0.0005174880942262248,0.0005174880942262248,5978,Supp_Motor_Area_L,Parietal_Sup_L
1957,18,59,19,60,0.0005509483431448208,0.0005509483431448208,0.0005509483431448208,5866,Supp_Motor_Area_L,Parietal_Sup_R
1958,18,60,19,61,0.31868357117116514,0.31868357117116514,0.31868357117116514,60,Supp_Motor_Area_L,Parietal_Inf_L
1959,18,61,19,62,0.0004921802764619751,0.0004921802764619751,0.0004921802764619751,6141,Supp_Motor_Area_L,Parietal_Inf_R
1960,18,62,19,63,0.0004997831824739322,0.0004997831824739322,0.0004997831824739322,6090,Supp_Motor_Area_L,SupraMarginal_L
1961,18,63,19,64,-0.32935543997575506,0.32935543997575506,0.32935543997575506,49,Supp_Motor_Area_L,SupraMarginal_R
1962,18,64,19,65,0.22748495516026485,0.22748495516026485,0.22748495516026485,220,Supp_Motor_Area_L,Angular_L
1963,18,65,19,66,0.0008896717560168204,0.0008896717560168204,0.0008896717560168204,5519,Supp_Motor_Area_L,Angular_R
1964,18,66,19,67,-0.06918044410242401,0.06918044410242401,0.06918044410242401,1926,Supp_Motor_Area_L,Precuneus_L
1965,18,67,19,68,-0.09326193793510097,0.09326193793510097,0.09326193793510097,1381,Supp_Motor_Area_L,Precuneus_R
1966,18,68,19,69,-0.039006729799668786,0.039006729799668786,0.039006729799668786,3077,Supp_Motor_Area_L,Paracentral_Lobule_L
1967,18,69,19,70,-0.037056137856909394,0.037056137856909394,0.037056137856909394,3160,Supp_Motor_Area_L,Paracentral_Lobule_R
1968,18,70,19,71,-0.08021040731095105,0.08021040731095105,0.08021040731095105,1650,Supp_Motor_Area_L,Caudate_L
1969,18,71,19,72,-0.10335495348996103,0.10335495348996103,0.10335495348996103,1186,Supp_Motor_Area_L,Caudate_R
1970,18,72,19,73,-0.25772986297662137,0.25772986297662137,0.25772986297662137,132,Supp_Motor_Area_L,Putamen_L
1971,18,73,19,74,-0.1051053319423117,0.1051053319423117,0.1051053319423117,1158,Supp_Motor_Area_L,Putamen_R
1972,18,74,19,75,-0.22767931960392224,0.22767931960392224,0.22767931960392224,219,Supp_Motor_Area_L,Pallidum_L
1973,18,75,19,76,-0.0033739557445105757,0.0033739557445105757,0.0033739557445105757,5326,Supp_Motor_Area_L,Pallidum_R
1974,18,76,19,77,0.039382652824632956,0.039382652824632956,0.039382652824632956,3059,Supp_Motor_Area_L,Thalamus_L
1975,18,77,19,78,0.17428012877270604,0.17428012877270604,0.17428012877270604,444,Supp_Motor_Area_L,Thalamus_R
1976,18,78,19,79,0.045568054780471136,0.045568054780471136,0.045568054780471136,2765,Supp_Motor_Area_L,Heschl_L
1977,18,79,19,80,0.0014244978024009944,0.0014244978024009944,0.0014244978024009944,5474,Supp_Motor_Area_L,Heschl_R
1978,18,80,19,81,-0.28663748324298227,0.28663748324298227,0.28663748324298227,94,Supp_Motor_Area_L,Temporal_Sup_L
1979,18,81,19,82,-0.24130807477794738,0.24130807477794738,0.24130807477794738,181,Supp_Motor_Area_L,Temporal_Sup_R
1980,18,82,19,83,0.005605234937339974,0.005605234937339974,0.005605234937339974,5141,Supp_Motor_Area_L,Temporal_Pole_Sup_L
1981,18,83,19,84,-0.024438080736770215,0.024438080736770215,0.024438080736770215,3884,Supp_Motor_Area_L,Temporal_Pole_Sup_R
1982,18,84,19,85,0.09365435248722215,0.09365435248722215,0.09365435248722215,1371,Supp_Motor_Area_L,Temporal_Mid_L
1983,18,85,19,86,0.1425254982109244,0.1425254982109244,0.1425254982109244,705,Supp_Motor_Area_L,Temporal_Mid_R
1984,18,86,19,87,0.015877788794425102,0.015877788794425102,0.015877788794425102,4424,Supp_Motor_Area_L,Temporal_Pole_Mid_L
1985,18,87,19,88,0.03570145617491733,0.03570145617491733,0.03570145617491733,3214,Supp_Motor_Area_L,Temporal_Pole_Mid_R
1986,18,88,19,89,0.1259244604758787,0.1259244604758787,0.1259244604758787,866,Supp_Motor_Area_L,Temporal_Inf_L
1987,18,89,19,90,0.22784470673233953,0.22784470673233953,0.22784470673233953,218,Supp_Motor_Area_L,Temporal_Inf_R
1988,18,90,19,91,-0.0074034624080440035,0.0074034624080440035,0.0074034624080440035,5025,Supp_Motor_Area_L,Cerebelum_Crus1_L
1989,18,91,19,92,0.15291495762967905,0.15291495762967905,0.15291495762967905,593,Supp_Motor_Area_L,Cerebelum_Crus1_R
1990,18,92,19,93,0.05139090055814589,0.05139090055814589,0.05139090055814589,2531,Supp_Motor_Area_L,Cerebelum_Crus2_L
1991,18,93,19,94,0.22692386375697496,0.22692386375697496,0.22692386375697496,224,Supp_Motor_Area_L,Cerebelum_Crus2_R
1992,18,94,19,95,-0.04566802150270476,0.04566802150270476,0.04566802150270476,2762,Supp_Motor_Area_L,Cerebelum_3_L
1993,18,95,19,96,-0.0007847898942188586,0.0007847898942188586,0.0007847898942188586,5632,Supp_Motor_Area_L,Cerebelum_3_R
1994,18,96,19,97,0.04981914999983457,0.04981914999983457,0.04981914999983457,2600,Supp_Motor_Area_L,Cerebelum_4_5_L
1995,18,97,19,98,0.0011478998990122429,0.0011478998990122429,0.0011478998990122429,5494,Supp_Motor_Area_L,Cerebelum_4_5_R
1996,18,98,19,99,-0.10359836303147854,0.10359836303147854,0.10359836303147854,1181,Supp_Motor_Area_L,Cerebelum_6_L
1997,18,99,19,100,-0.09604150432354586,0.09604150432354586,0.09604150432354586,1317,Supp_Motor_Area_L,Cerebelum_6_R
1998,18,100,19,101,-0.07014929119725598,0.07014929119725598,0.07014929119725598,1900,Supp_Motor_Area_L,Cerebelum_7b_L
1999,18,101,19,102,0.014966666958673372,0.014966666958673372,0.014966666958673372,4478,Supp_Motor_Area_L,Cerebelum_7b_R
2000,18,102,19,103,-0.09150142120495959,0.09150142120495959,0.09150142120495959,1412,Supp_Motor_Area_L,Cerebelum_8_L
2001,18,103,19,104,0.02678051105893254,0.02678051105893254,0.02678051105893254,3741,Supp_Motor_Area_L,Cerebelum_8_R
2002,18,104,19,105,0.006253894725495681,0.006253894725495681,0.006253894725495681,5102,Supp_Motor_Area_L,Cerebelum_9_L
2003,18,105,19,106,-0.051410699031367045,0.051410699031367045,0.051410699031367045,2529,Supp_Motor_Area_L,Cerebelum_9_R
2004,18,106,19,107,-0.11809150604966705,0.11809150604966705,0.11809150604966705,964,Supp_Motor_Area_L,Cerebelum_10_L
2005,18,107,19,108,-0.26658275579562146,0.26658275579562146,0.26658275579562146,118,Supp_Motor_Area_L,Cerebelum_10_R
2006,18,108,19,109,0.01455954738467547,0.01455954738467547,0.01455954738467547,4509,Supp_Motor_Area_L,Vermis_1_2
2007,18,109,19,110,0.005638186335373678,0.005638186335373678,0.005638186335373678,5137,Supp_Motor_Area_L,Vermis_3
2008,18,110,19,111,-0.04268249725862771,0.04268249725862771,0.04268249725862771,2883,Supp_Motor_Area_L,Vermis_4_5
2009,18,111,19,112,-0.02672530855102507,0.02672530855102507,0.02672530855102507,3745,Supp_Motor_Area_L,Vermis_6
2010,18,112,19,113,-0.0026683250604196303,0.0026683250604196303,0.0026683250604196303,5376,Supp_Motor_Area_L,Vermis_7
2011,18,113,19,114,0.0067458969955280675,0.0067458969955280675,0.0067458969955280675,5066,Supp_Motor_Area_L,Vermis_8
2012,18,114,19,115,-0.01583343848862939,0.01583343848862939,0.01583343848862939,4429,Supp_Motor_Area_L,Vermis_9
2013,18,115,19,116,-0.03136755237395625,0.03136755237395625,0.03136755237395625,3468,Supp_Motor_Area_L,Vermis_10
2014,19,20,20,21,0.006811029205745155,0.006811029205745155,0.006811029205745155,5060,Supp_Motor_Area_R,Olfactory_L
2015,19,21,20,22,-0.024530290170897518,0.024530290170897518,0.024530290170897518,3874,Supp_Motor_Area_R,Olfactory_R
2016,19,22,20,23,-0.02730944828933199,0.02730944828933199,0.02730944828933199,3717,Supp_Motor_Area_R,Frontal_Sup_Medial_L
2017,19,23,20,24,0.04181684493011627,0.04181684493011627,0.04181684493011627,2925,Supp_Motor_Area_R,Frontal_Sup_Medial_R
2018,19,24,20,25,-0.05394902788632081,0.05394902788632081,0.05394902788632081,2435,Supp_Motor_Area_R,Frontal_Med_Orb_L
2019,19,25,20,26,0.044858860365412166,0.044858860365412166,0.044858860365412166,2787,Supp_Motor_Area_R,Frontal_Med_Orb_R
2020,19,26,20,27,-0.17890639127968092,0.17890639127968092,0.17890639127968092,412,Supp_Motor_Area_R,Rectus_L
2021,19,27,20,28,-0.06794900830674812,0.06794900830674812,0.06794900830674812,1962,Supp_Motor_Area_R,Rectus_R
2022,19,28,20,29,-0.09446026458040689,0.09446026458040689,0.09446026458040689,1350,Supp_Motor_Area_R,Insula_L
2023,19,29,20,30,0.01190524498333257,0.01190524498333257,0.01190524498333257,4720,Supp_Motor_Area_R,Insula_R
2024,19,30,20,31,0.14632592774301106,0.14632592774301106,0.14632592774301106,660,Supp_Motor_Area_R,Cingulum_Ant_L
2025,19,31,20,32,0.04416725585361659,0.04416725585361659,0.04416725585361659,2821,Supp_Motor_Area_R,Cingulum_Ant_R
2026,19,32,20,33,-0.02263254579326844,0.02263254579326844,0.02263254579326844,4005,Supp_Motor_Area_R,Cingulum_Mid_L
2027,19,33,20,34,0.041258073740661254,0.041258073740661254,0.041258073740661254,2954,Supp_Motor_Area_R,Cingulum_Mid_R
2028,19,34,20,35,0.034888173736761216,0.034888173736761216,0.034888173736761216,3259,Supp_Motor_Area_R,Cingulum_Post_L
2029,19,35,20,36,0.016596324949297612,0.016596324949297612,0.016596324949297612,4367,Supp_Motor_Area_R,Cingulum_Post_R
2030,19,36,20,37,0.00824974108075892,0.00824974108075892,0.00824974108075892,4971,Supp_Motor_Area_R,Hippocampus_L
2031,19,37,20,38,0.031080952327036223,0.031080952327036223,0.031080952327036223,3486,Supp_Motor_Area_R,Hippocampus_R
2032,19,38,20,39,0.0884448476871949,0.0884448476871949,0.0884448476871949,1471,Supp_Motor_Area_R,ParaHippocampal_L
2033,19,39,20,40,0.013407872127848965,0.013407872127848965,0.013407872127848965,4605,Supp_Motor_Area_R,ParaHippocampal_R
2034,19,40,20,41,-0.03526689585947049,0.03526689585947049,0.03526689585947049,3241,Supp_Motor_Area_R,Amygdala_L
2035,19,41,20,42,0.06135081586319007,0.06135081586319007,0.06135081586319007,2188,Supp_Motor_Area_R,Amygdala_R
2036,19,42,20,43,-0.021639876630066356,0.021639876630066356,0.021639876630066356,4077,Supp_Motor_Area_R,Calcarine_L
2037,19,43,20,44,-0.02162092352253371,0.02162092352253371,0.02162092352253371,4078,Supp_Motor_Area_R,Calcarine_R
2038,19,44,20,45,0.06217188523998103,0.06217188523998103,0.06217188523998103,2151,Supp_Motor_Area_R,Cuneus_L
2039,19,45,20,46,0.005115054450148692,0.005115054450148692,0.005115054450148692,5189,Supp_Motor_Area_R,Cuneus_R
2040,19,46,20,47,-0.02773898183637824,0.02773898183637824,0.02773898183637824,3687,Supp_Motor_Area_R,Lingual_L
2041,19,47,20,48,-0.023645619450935466,0.023645619450935466,0.023645619450935466,3928,Supp_Motor_Area_R,Lingual_R
2042,19,48,20,49,0.058780703814850045,0.058780703814850045,0.058780703814850045,2269,Supp_Motor_Area_R,Occipital_Sup_L
2043,19,49,20,50,-0.03543780280549489,0.03543780280549489,0.03543780280549489,3226,Supp_Motor_Area_R,Occipital_Sup_R
2044,19,50,20,51,0.0365082982381356,0.0365082982381356,0.0365082982381356,3181,Supp_Motor_Area_R,Occipital_Mid_L
2045,19,51,20,52,0.04799358746549032,0.04799358746549032,0.04799358746549032,2662,Supp_Motor_Area_R,Occipital_Mid_R
2046,19,52,20,53,0.06089684630444421,0.06089684630444421,0.06089684630444421,2205,Supp_Motor_Area_R,Occipital_Inf_L
2047,19,53,20,54,0.009796391060924819,0.009796391060924819,0.009796391060924819,4862,Supp_Motor_Area_R,Occipital_Inf_R
2048,19,54,20,55,-0.06961457467028592,0.06961457467028592,0.06961457467028592,1917,Supp_Motor_Area_R,Fusiform_L
2049,19,55,20,56,-0.02628577215878115,0.02628577215878115,0.02628577215878115,3778,Supp_Motor_Area_R,Fusiform_R
2050,19,56,20,57,0.04041378318702727,0.04041378318702727,0.04041378318702727,3005,Supp_Motor_Area_R,Postcentral_L
2051,19,57,20,58,-0.024925122242616674,0.024925122242616674,0.024925122242616674,3853,Supp_Motor_Area_R,Postcentral_R
2052,19,58,20,59,0.0004911233026294195,0.0004911233026294195,0.0004911233026294195,6147,Supp_Motor_Area_R,Parietal_Sup_L
2053,19,59,20,60,0.0005415760349996399,0.0005415760349996399,0.0005415760349996399,5890,Supp_Motor_Area_R,Parietal_Sup_R
2054,19,60,20,61,0.08588319568353986,0.08588319568353986,0.08588319568353986,1523,Supp_Motor_Area_R,Parietal_Inf_L
2055,19,61,20,62,0.0004986720414487398,0.0004986720414487398,0.0004986720414487398,6096,Supp_Motor_Area_R,Parietal_Inf_R
2056,19,62,20,63,0.0005261322050629695,0.0005261322050629695,0.0005261322050629695,5941,Supp_Motor_Area_R,SupraMarginal_L
2057,19,63,20,64,0.17210106796143837,0.17210106796143837,0.17210106796143837,458,Supp_Motor_Area_R,SupraMarginal_R
2058,19,64,20,65,-0.14962260986816364,0.14962260986816364,0.14962260986816364,623,Supp_Motor_Area_R,Angular_L
2059,19,65,20,66,0.0008762063043569169,0.0008762063043569169,0.0008762063043569169,5540,Supp_Motor_Area_R,Angular_R
2060,19,66,20,67,-0.027694580319376386,0.027694580319376386,0.027694580319376386,3689,Supp_Motor_Area_R,Precuneus_L
2061,19,67,20,68,-0.04242042062303042,0.04242042062303042,0.04242042062303042,2895,Supp_Motor_Area_R,Precuneus_R
2062,19,68,20,69,0.05188521170064362,0.05188521170064362,0.05188521170064362,2509,Supp_Motor_Area_R,Paracentral_Lobule_L
2063,19,69,20,70,0.04631778641143715,0.04631778641143715,0.04631778641143715,2735,Supp_Motor_Area_R,Paracentral_Lobule_R
2064,19,70,20,71,-0.04237418432255965,0.04237418432255965,0.04237418432255965,2896,Supp_Motor_Area_R,Caudate_L
2065,19,71,20,72,-0.02537961490742437,0.02537961490742437,0.02537961490742437,3823,Supp_Motor_Area_R,Caudate_R
2066,19,72,20,73,-0.020489429592424745,0.020489429592424745,0.020489429592424745,4142,Supp_Motor_Area_R,Putamen_L
2067,19,73,20,74,0.16159404082205578,0.16159404082205578,0.16159404082205578,520,Supp_Motor_Area_R,Putamen_R
2068,19,74,20,75,-0.19722827554809452,0.19722827554809452,0.19722827554809452,313,Supp_Motor_Area_R,Pallidum_L
2069,19,75,20,76,-0.06860157410069875,0.06860157410069875,0.06860157410069875,1940,Supp_Motor_Area_R,Pallidum_R
2070,19,76,20,77,0.05678195176568482,0.05678195176568482,0.05678195176568482,2341,Supp_Motor_Area_R,Thalamus_L
2071,19,77,20,78,0.1016370308082091,0.1016370308082091,0.1016370308082091,1218,Supp_Motor_Area_R,Thalamus_R
2072,19,78,20,79,0.03332811653485089,0.03332811653485089,0.03332811653485089,3352,Supp_Motor_Area_R,Heschl_L
2073,19,79,20,80,0.04594501221300242,0.04594501221300242,0.04594501221300242,2744,Supp_Motor_Area_R,Heschl_R
2074,19,80,20,81,0.043024665034074344,0.043024665034074344,0.043024665034074344,2867,Supp_Motor_Area_R,Temporal_Sup_L
2075,19,81,20,82,-0.1643614726460529,0.1643614726460529,0.1643614726460529,503,Supp_Motor_Area_R,Temporal_Sup_R
2076,19,82,20,83,0.021988362549404245,0.021988362549404245,0.021988362549404245,4048,Supp_Motor_Area_R,Temporal_Pole_Sup_L
2077,19,83,20,84,0.12112333755183308,0.12112333755183308,0.12112333755183308,922,Supp_Motor_Area_R,Temporal_Pole_Sup_R
2078,19,84,20,85,0.08638262368823127,0.08638262368823127,0.08638262368823127,1516,Supp_Motor_Area_R,Temporal_Mid_L
2079,19,85,20,86,0.06362315256194118,0.06362315256194118,0.06362315256194118,2110,Supp_Motor_Area_R,Temporal_Mid_R
2080,19,86,20,87,-0.028789627947463665,0.028789627947463665,0.028789627947463665,3621,Supp_Motor_Area_R,Temporal_Pole_Mid_L
2081,19,87,20,88,0.018762684473431678,0.018762684473431678,0.018762684473431678,4241,Supp_Motor_Area_R,Temporal_Pole_Mid_R
2082,19,88,20,89,0.04683041867011807,0.04683041867011807,0.04683041867011807,2721,Supp_Motor_Area_R,Temporal_Inf_L
2083,19,89,20,90,0.21229858915021826,0.21229858915021826,0.21229858915021826,267,Supp_Motor_Area_R,Temporal_Inf_R
2084,19,90,20,91,0.008749576041231652,0.008749576041231652,0.008749576041231652,4935,Supp_Motor_Area_R,Cerebelum_Crus1_L
2085,19,91,20,92,0.0027245971690834196,0.0027245971690834196,0.0027245971690834196,5372,Supp_Motor_Area_R,Cerebelum_Crus1_R
2086,19,92,20,93,0.03330219992436274,0.03330219992436274,0.03330219992436274,3354,Supp_Motor_Area_R,Cerebelum_Crus2_L
2087,19,93,20,94,0.03303577711929517,0.03303577711929517,0.03303577711929517,3369,Supp_Motor_Area_R,Cerebelum_Crus2_R
2088,19,94,20,95,-0.12305854362944312,0.12305854362944312,0.12305854362944312,899,Supp_Motor_Area_R,Cerebelum_3_L
2089,19,95,20,96,0.01627459303317814,0.01627459303317814,0.01627459303317814,4392,Supp_Motor_Area_R,Cerebelum_3_R
2090,19,96,20,97,0.11286440765541769,0.11286440765541769,0.11286440765541769,1040,Supp_Motor_Area_R,Cerebelum_4_5_L
2091,19,97,20,98,-0.019689086875403158,0.019689086875403158,0.019689086875403158,4182,Supp_Motor_Area_R,Cerebelum_4_5_R
2092,19,98,20,99,0.037427531900781574,0.037427531900781574,0.037427531900781574,3142,Supp_Motor_Area_R,Cerebelum_6_L
2093,19,99,20,100,-0.03915261253786258,0.03915261253786258,0.03915261253786258,3070,Supp_Motor_Area_R,Cerebelum_6_R
2094,19,100,20,101,-0.11570531141815027,0.11570531141815027,0.11570531141815027,998,Supp_Motor_Area_R,Cerebelum_7b_L
2095,19,101,20,102,-0.12864164782961443,0.12864164782961443,0.12864164782961443,837,Supp_Motor_Area_R,Cerebelum_7b_R
2096,19,102,20,103,0.04188673613781417,0.04188673613781417,0.04188673613781417,2921,Supp_Motor_Area_R,Cerebelum_8_L
2097,19,103,20,104,-0.0030532964971369827,0.0030532964971369827,0.0030532964971369827,5351,Supp_Motor_Area_R,Cerebelum_8_R
2098,19,104,20,105,-0.04060807674588096,0.04060807674588096,0.04060807674588096,2998,Supp_Motor_Area_R,Cerebelum_9_L
2099,19,105,20,106,-0.0094448559666302,0.0094448559666302,0.0094448559666302,4890,Supp_Motor_Area_R,Cerebelum_9_R
2100,19,106,20,107,-0.1190520357259999,0.1190520357259999,0.1190520357259999,953,Supp_Motor_Area_R,Cerebelum_10_L
2101,19,107,20,108,-0.08697829467733172,0.08697829467733172,0.08697829467733172,1500,Supp_Motor_Area_R,Cerebelum_10_R
2102,19,108,20,109,-0.08083246296026068,0.08083246296026068,0.08083246296026068,1633,Supp_Motor_Area_R,Vermis_1_2
2103,19,109,20,110,-0.004706928837707423,0.004706928837707423,0.004706928837707423,5217,Supp_Motor_Area_R,Vermis_3
2104,19,110,20,111,-0.037059261896120514,0.037059261896120514,0.037059261896120514,3159,Supp_Motor_Area_R,Vermis_4_5
2105,19,111,20,112,0.06201140131087434,0.06201140131087434,0.06201140131087434,2155,Supp_Motor_Area_R,Vermis_6
2106,19,112,20,113,0.026828248951260254,0.026828248951260254,0.026828248951260254,3738,Supp_Motor_Area_R,Vermis_7
2107,19,113,20,114,-0.013330050837559067,0.013330050837559067,0.013330050837559067,4612,Supp_Motor_Area_R,Vermis_8
2108,19,114,20,115,-0.030464211156519608,0.030464211156519608,0.030464211156519608,3533,Supp_Motor_Area_R,Vermis_9
2109,19,115,20,116,-0.08909371397413614,0.08909371397413614,0.08909371397413614,1457,Supp_Motor_Area_R,Vermis_10
2110,20,21,21,22,-0.015619108636048531,0.015619108636048531,0.015619108636048531,4442,Olfactory_L,Olfactory_R
2111,20,22,21,23,-0.026337338706188644,0.026337338706188644,0.026337338706188644,3773,Olfactory_L,Frontal_Sup_Medial_L
2112,20,23,21,24,-0.03464750189760631,0.03464750189760631,0.03464750189760631,3274,Olfactory_L,Frontal_Sup_Medial_R
2113,20,24,21,25,-0.021458798918838104,0.021458798918838104,0.021458798918838104,4088,Olfactory_L,Frontal_Med_Orb_L
2114,20,25,21,26,-0.0062950145996297086,0.0062950145996297086,0.0062950145996297086,5098,Olfactory_L,Frontal_Med_Orb_R
2115,20,26,21,27,-0.015926363012105114,0.015926363012105114,0.015926363012105114,4421,Olfactory_L,Rectus_L
2116,20,27,21,28,0.023708990691956356,0.023708990691956356,0.023708990691956356,3922,Olfactory_L,Rectus_R
2117,20,28,21,29,0.019455161822382362,0.019455161822382362,0.019455161822382362,4194,Olfactory_L,Insula_L
2118,20,29,21,30,0.003477745797331662,0.003477745797331662,0.003477745797331662,5319,Olfactory_L,Insula_R
2119,20,30,21,31,-0.011488432280695552,0.011488432280695552,0.011488432280695552,4754,Olfactory_L,Cingulum_Ant_L
2120,20,31,21,32,-0.03177987430814917,0.03177987430814917,0.03177987430814917,3446,Olfactory_L,Cingulum_Ant_R
2121,20,32,21,33,0.013826527831145683,0.013826527831145683,0.013826527831145683,4567,Olfactory_L,Cingulum_Mid_L
2122,20,33,21,34,0.0007779113672668469,0.0007779113672668469,0.0007779113672668469,5635,Olfactory_L,Cingulum_Mid_R
2123,20,34,21,35,-0.01886636653490592,0.01886636653490592,0.01886636653490592,4232,Olfactory_L,Cingulum_Post_L
2124,20,35,21,36,0.001764616463848175,0.001764616463848175,0.001764616463848175,5443,Olfactory_L,Cingulum_Post_R
2125,20,36,21,37,-0.02161343017761594,0.02161343017761594,0.02161343017761594,4080,Olfactory_L,Hippocampus_L
2126,20,37,21,38,0.004748865333860158,0.004748865333860158,0.004748865333860158,5216,Olfactory_L,Hippocampus_R
2127,20,38,21,39,-0.025843143684076336,0.025843143684076336,0.025843143684076336,3798,Olfactory_L,ParaHippocampal_L
2128,20,39,21,40,-0.030300417731013253,0.030300417731013253,0.030300417731013253,3543,Olfactory_L,ParaHippocampal_R
2129,20,40,21,41,-0.03364324788306649,0.03364324788306649,0.03364324788306649,3330,Olfactory_L,Amygdala_L
2130,20,41,21,42,-0.0038839989611767507,0.0038839989611767507,0.0038839989611767507,5286,Olfactory_L,Amygdala_R
2131,20,42,21,43,0.008862573641567794,0.008862573641567794,0.008862573641567794,4926,Olfactory_L,Calcarine_L
2132,20,43,21,44,-0.001163160762403037,0.001163160762403037,0.001163160762403037,5493,Olfactory_L,Calcarine_R
2133,20,44,21,45,-0.00614295073325735,0.00614295073325735,0.00614295073325735,5110,Olfactory_L,Cuneus_L
2134,20,45,21,46,0.005598145356601364,0.005598145356601364,0.005598145356601364,5142,Olfactory_L,Cuneus_R
2135,20,46,21,47,-0.0013425248821612515,0.0013425248821612515,0.0013425248821612515,5481,Olfactory_L,Lingual_L
2136,20,47,21,48,-0.005021486900906295,0.005021486900906295,0.005021486900906295,5193,Olfactory_L,Lingual_R
2137,20,48,21,49,0.003003889647847035,0.003003889647847035,0.003003889647847035,5355,Olfactory_L,Occipital_Sup_L
2138,20,49,21,50,0.006535239923306929,0.006535239923306929,0.006535239923306929,5085,Olfactory_L,Occipital_Sup_R
2139,20,50,21,51,0.002090414377678009,0.002090414377678009,0.002090414377678009,5418,Olfactory_L,Occipital_Mid_L
2140,20,51,21,52,-0.0035817209072253934,0.0035817209072253934,0.0035817209072253934,5310,Olfactory_L,Occipital_Mid_R
2141,20,52,21,53,-0.012237761274754908,0.012237761274754908,0.012237761274754908,4697,Olfactory_L,Occipital_Inf_L
2142,20,53,21,54,-0.03306358809706764,0.03306358809706764,0.03306358809706764,3368,Olfactory_L,Occipital_Inf_R
2143,20,54,21,55,-0.004951691538194035,0.004951691538194035,0.004951691538194035,5199,Olfactory_L,Fusiform_L
2144,20,55,21,56,-0.014336179099671524,0.014336179099671524,0.014336179099671524,4528,Olfactory_L,Fusiform_R
2145,20,56,21,57,0.020131584009206165,0.020131584009206165,0.020131584009206165,4159,Olfactory_L,Postcentral_L
2146,20,57,21,58,0.01581600689049851,0.01581600689049851,0.01581600689049851,4430,Olfactory_L,Postcentral_R
2147,20,58,21,59,0.0005324213904900817,0.0005324213904900817,0.0005324213904900817,5912,Olfactory_L,Parietal_Sup_L
2148,20,59,21,60,0.0005704685766658932,0.0005704685766658932,0.0005704685766658932,5800,Olfactory_L,Parietal_Sup_R
2149,20,60,21,61,0.012642946425403933,0.012642946425403933,0.012642946425403933,4661,Olfactory_L,Parietal_Inf_L
2150,20,61,21,62,0.000495414426553005,0.000495414426553005,0.000495414426553005,6121,Olfactory_L,Parietal_Inf_R
2151,20,62,21,63,0.0005253163042549162,0.0005253163042549162,0.0005253163042549162,5944,Olfactory_L,SupraMarginal_L
2152,20,63,21,64,0.010285349033505517,0.010285349033505517,0.010285349033505517,4829,Olfactory_L,SupraMarginal_R
2153,20,64,21,65,-0.03206893060013172,0.03206893060013172,0.03206893060013172,3429,Olfactory_L,Angular_L
2154,20,65,21,66,0.0008563444584821885,0.0008563444584821885,0.0008563444584821885,5596,Olfactory_L,Angular_R
2155,20,66,21,67,0.0036539914007046,0.0036539914007046,0.0036539914007046,5304,Olfactory_L,Precuneus_L
2156,20,67,21,68,0.01651383068090029,0.01651383068090029,0.01651383068090029,4376,Olfactory_L,Precuneus_R
2157,20,68,21,69,-0.01652194532583802,0.01652194532583802,0.01652194532583802,4373,Olfactory_L,Paracentral_Lobule_L
2158,20,69,21,70,0.012540799652749257,0.012540799652749257,0.012540799652749257,4671,Olfactory_L,Paracentral_Lobule_R
2159,20,70,21,71,0.02357463510603166,0.02357463510603166,0.02357463510603166,3937,Olfactory_L,Caudate_L
2160,20,71,21,72,0.0444803234795592,0.0444803234795592,0.0444803234795592,2807,Olfactory_L,Caudate_R
2161,20,72,21,73,-0.0015267970044166707,0.0015267970044166707,0.0015267970044166707,5467,Olfactory_L,Putamen_L
2162,20,73,21,74,0.0309725226695107,0.0309725226695107,0.0309725226695107,3494,Olfactory_L,Putamen_R
2163,20,74,21,75,0.019131564772794735,0.019131564772794735,0.019131564772794735,4215,Olfactory_L,Pallidum_L
2164,20,75,21,76,-0.039828721487735905,0.039828721487735905,0.039828721487735905,3041,Olfactory_L,Pallidum_R
2165,20,76,21,77,-0.010449742192996247,0.010449742192996247,0.010449742192996247,4812,Olfactory_L,Thalamus_L
2166,20,77,21,78,-0.001582683587794688,0.001582683587794688,0.001582683587794688,5460,Olfactory_L,Thalamus_R
2167,20,78,21,79,0.012320434780784971,0.012320434780784971,0.012320434780784971,4690,Olfactory_L,Heschl_L
2168,20,79,21,80,0.010413008566088186,0.010413008566088186,0.010413008566088186,4815,Olfactory_L,Heschl_R
2169,20,80,21,81,0.00013730177800084056,0.00013730177800084056,0.00013730177800084056,6661,Olfactory_L,Temporal_Sup_L
2170,20,81,21,82,-0.0023118017583425065,0.0023118017583425065,0.0023118017583425065,5395,Olfactory_L,Temporal_Sup_R
2171,20,82,21,83,-0.01733307409315426,0.01733307409315426,0.01733307409315426,4317,Olfactory_L,Temporal_Pole_Sup_L
2172,20,83,21,84,-0.004924748586738801,0.004924748586738801,0.004924748586738801,5203,Olfactory_L,Temporal_Pole_Sup_R
2173,20,84,21,85,-0.026312127384135877,0.026312127384135877,0.026312127384135877,3774,Olfactory_L,Temporal_Mid_L
2174,20,85,21,86,-0.006644951883287679,0.006644951883287679,0.006644951883287679,5075,Olfactory_L,Temporal_Mid_R
2175,20,86,21,87,-0.03302990260543209,0.03302990260543209,0.03302990260543209,3370,Olfactory_L,Temporal_Pole_Mid_L
2176,20,87,21,88,-0.0373929712550243,0.0373929712550243,0.0373929712550243,3144,Olfactory_L,Temporal_Pole_Mid_R
2177,20,88,21,89,-0.005838802672782023,0.005838802672782023,0.005838802672782023,5128,Olfactory_L,Temporal_Inf_L
2178,20,89,21,90,-0.013812961347857422,0.013812961347857422,0.013812961347857422,4570,Olfactory_L,Temporal_Inf_R
2179,20,90,21,91,0.0026261117004900175,0.0026261117004900175,0.0026261117004900175,5383,Olfactory_L,Cerebelum_Crus1_L
2180,20,91,21,92,0.012156393283263216,0.012156393283263216,0.012156393283263216,4701,Olfactory_L,Cerebelum_Crus1_R
2181,20,92,21,93,0.016589298501800007,0.016589298501800007,0.016589298501800007,4368,Olfactory_L,Cerebelum_Crus2_L
2182,20,93,21,94,0.0029926922953964737,0.0029926922953964737,0.0029926922953964737,5356,Olfactory_L,Cerebelum_Crus2_R
2183,20,94,21,95,-0.007205998230802166,0.007205998230802166,0.007205998230802166,5037,Olfactory_L,Cerebelum_3_L
2184,20,95,21,96,-0.049250444797252914,0.049250444797252914,0.049250444797252914,2615,Olfactory_L,Cerebelum_3_R
2185,20,96,21,97,-0.004279809566355944,0.004279809566355944,0.004279809566355944,5248,Olfactory_L,Cerebelum_4_5_L
2186,20,97,21,98,-0.036139457575374394,0.036139457575374394,0.036139457575374394,3200,Olfactory_L,Cerebelum_4_5_R
2187,20,98,21,99,0.007072448141036433,0.007072448141036433,0.007072448141036433,5046,Olfactory_L,Cerebelum_6_L
2188,20,99,21,100,0.009248831569952803,0.009248831569952803,0.009248831569952803,4905,Olfactory_L,Cerebelum_6_R
2189,20,100,21,101,-0.0072560268742322236,0.0072560268742322236,0.0072560268742322236,5031,Olfactory_L,Cerebelum_7b_L
2190,20,101,21,102,0.011443297065527411,0.011443297065527411,0.011443297065527411,4760,Olfactory_L,Cerebelum_7b_R
2191,20,102,21,103,-0.012498073470288282,0.012498073470288282,0.012498073470288282,4677,Olfactory_L,Cerebelum_8_L
2192,20,103,21,104,-0.01401544809746327,0.01401544809746327,0.01401544809746327,4545,Olfactory_L,Cerebelum_8_R
2193,20,104,21,105,-0.017925923398215114,0.017925923398215114,0.017925923398215114,4284,Olfactory_L,Cerebelum_9_L
2194,20,105,21,106,0.016912333220264707,0.016912333220264707,0.016912333220264707,4341,Olfactory_L,Cerebelum_9_R
2195,20,106,21,107,0.017642314551980585,0.017642314551980585,0.017642314551980585,4300,Olfactory_L,Cerebelum_10_L
2196,20,107,21,108,0.054300636758903044,0.054300636758903044,0.054300636758903044,2423,Olfactory_L,Cerebelum_10_R
2197,20,108,21,109,-0.04288851728057976,0.04288851728057976,0.04288851728057976,2874,Olfactory_L,Vermis_1_2
2198,20,109,21,110,-0.03255176663621723,0.03255176663621723,0.03255176663621723,3400,Olfactory_L,Vermis_3
2199,20,110,21,111,-0.029498764076564012,0.029498764076564012,0.029498764076564012,3591,Olfactory_L,Vermis_4_5
2200,20,111,21,112,0.040466640710476426,0.040466640710476426,0.040466640710476426,3004,Olfactory_L,Vermis_6
2201,20,112,21,113,-0.0026040432991243094,0.0026040432991243094,0.0026040432991243094,5384,Olfactory_L,Vermis_7
2202,20,113,21,114,-0.03547761600912094,0.03547761600912094,0.03547761600912094,3223,Olfactory_L,Vermis_8
2203,20,114,21,115,-0.038410442571921055,0.038410442571921055,0.038410442571921055,3101,Olfactory_L,Vermis_9
2204,20,115,21,116,0.03972208549391804,0.03972208549391804,0.03972208549391804,3046,Olfactory_L,Vermis_10
2205,21,22,22,23,-0.033001843475227687,0.033001843475227687,0.033001843475227687,3371,Olfactory_R,Frontal_Sup_Medial_L
2206,21,23,22,24,-0.014615197849386807,0.014615197849386807,0.014615197849386807,4502,Olfactory_R,Frontal_Sup_Medial_R
2207,21,24,22,25,-0.021799442367061096,0.021799442367061096,0.021799442367061096,4062,Olfactory_R,Frontal_Med_Orb_L
2208,21,25,22,26,-0.008390815537282601,0.008390815537282601,0.008390815537282601,4961,Olfactory_R,Frontal_Med_Orb_R
2209,21,26,22,27,0.028294177826492493,0.028294177826492493,0.028294177826492493,3645,Olfactory_R,Rectus_L
2210,21,27,22,28,0.035844467949509684,0.035844467949509684,0.035844467949509684,3208,Olfactory_R,Rectus_R
2211,21,28,22,29,-0.021671525725495102,0.021671525725495102,0.021671525725495102,4071,Olfactory_R,Insula_L
2212,21,29,22,30,-0.03268404159788804,0.03268404159788804,0.03268404159788804,3391,Olfactory_R,Insula_R
2213,21,30,22,31,-0.01894236578436483,0.01894236578436483,0.01894236578436483,4227,Olfactory_R,Cingulum_Ant_L
2214,21,31,22,32,-0.021098793145921092,0.021098793145921092,0.021098793145921092,4104,Olfactory_R,Cingulum_Ant_R
2215,21,32,22,33,-0.0308177435974339,0.0308177435974339,0.0308177435974339,3507,Olfactory_R,Cingulum_Mid_L
2216,21,33,22,34,-0.04128037946036329,0.04128037946036329,0.04128037946036329,2952,Olfactory_R,Cingulum_Mid_R
2217,21,34,22,35,-0.021517331757826125,0.021517331757826125,0.021517331757826125,4085,Olfactory_R,Cingulum_Post_L
2218,21,35,22,36,-0.029154150474545913,0.029154150474545913,0.029154150474545913,3606,Olfactory_R,Cingulum_Post_R
2219,21,36,22,37,-0.01393597939397528,0.01393597939397528,0.01393597939397528,4556,Olfactory_R,Hippocampus_L
2220,21,37,22,38,0.005299005816976862,0.005299005816976862,0.005299005816976862,5170,Olfactory_R,Hippocampus_R
2221,21,38,22,39,-0.017437660478708917,0.017437660478708917,0.017437660478708917,4312,Olfactory_R,ParaHippocampal_L
2222,21,39,22,40,-0.01371947596093706,0.01371947596093706,0.01371947596093706,4584,Olfactory_R,ParaHippocampal_R
2223,21,40,22,41,-0.03298749328397604,0.03298749328397604,0.03298749328397604,3374,Olfactory_R,Amygdala_L
2224,21,41,22,42,-0.032161538933790465,0.032161538933790465,0.032161538933790465,3423,Olfactory_R,Amygdala_R
2225,21,42,22,43,-0.02051962527934429,0.02051962527934429,0.02051962527934429,4140,Olfactory_R,Calcarine_L
2226,21,43,22,44,-0.030387389149795614,0.030387389149795614,0.030387389149795614,3537,Olfactory_R,Calcarine_R
2227,21,44,22,45,-0.03726266257568241,0.03726266257568241,0.03726266257568241,3147,Olfactory_R,Cuneus_L
2228,21,45,22,46,-0.02673128071355871,0.02673128071355871,0.02673128071355871,3743,Olfactory_R,Cuneus_R
2229,21,46,22,47,-0.023319611060022248,0.023319611060022248,0.023319611060022248,3947,Olfactory_R,Lingual_L
2230,21,47,22,48,-0.027995195176160847,0.027995195176160847,0.027995195176160847,3671,Olfactory_R,Lingual_R
2231,21,48,22,49,-0.020202836275308063,0.020202836275308063,0.020202836275308063,4156,Olfactory_R,Occipital_Sup_L
2232,21,49,22,50,-0.008965996110203957,0.008965996110203957,0.008965996110203957,4918,Olfactory_R,Occipital_Sup_R
2233,21,50,22,51,-0.012577138371299021,0.012577138371299021,0.012577138371299021,4668,Olfactory_R,Occipital_Mid_L
2234,21,51,22,52,-0.013465525369915578,0.013465525369915578,0.013465525369915578,4599,Olfactory_R,Occipital_Mid_R
2235,21,52,22,53,-0.007748246012658801,0.007748246012658801,0.007748246012658801,5003,Olfactory_R,Occipital_Inf_L
2236,21,53,22,54,-0.024486427932304575,0.024486427932304575,0.024486427932304575,3882,Olfactory_R,Occipital_Inf_R
2237,21,54,22,55,-0.012730112725484863,0.012730112725484863,0.012730112725484863,4651,Olfactory_R,Fusiform_L
2238,21,55,22,56,-0.01900148237759694,0.01900148237759694,0.01900148237759694,4225,Olfactory_R,Fusiform_R
2239,21,56,22,57,-0.013945478862184299,0.013945478862184299,0.013945478862184299,4553,Olfactory_R,Postcentral_L
2240,21,57,22,58,-0.0188971894551772,0.0188971894551772,0.0188971894551772,4230,Olfactory_R,Postcentral_R
2241,21,58,22,59,0.0005182458115781484,0.0005182458115781484,0.0005182458115781484,5971,Olfactory_R,Parietal_Sup_L
2242,21,59,22,60,0.0005478140504460954,0.0005478140504460954,0.0005478140504460954,5873,Olfactory_R,Parietal_Sup_R
2243,21,60,22,61,-0.023951151267073322,0.023951151267073322,0.023951151267073322,3909,Olfactory_R,Parietal_Inf_L
2244,21,61,22,62,0.00046105081149491425,0.00046105081149491425,0.00046105081149491425,6442,Olfactory_R,Parietal_Inf_R
2245,21,62,22,63,0.0004981727582519212,0.0004981727582519212,0.0004981727582519212,6099,Olfactory_R,SupraMarginal_L
2246,21,63,22,64,-0.035718341760011506,0.035718341760011506,0.035718341760011506,3213,Olfactory_R,SupraMarginal_R
2247,21,64,22,65,-0.029184564723296138,0.029184564723296138,0.029184564723296138,3605,Olfactory_R,Angular_L
2248,21,65,22,66,0.0008436960005768955,0.0008436960005768955,0.0008436960005768955,5615,Olfactory_R,Angular_R
2249,21,66,22,67,-0.014835522923368125,0.014835522923368125,0.014835522923368125,4490,Olfactory_R,Precuneus_L
2250,21,67,22,68,-0.019391997211312732,0.019391997211312732,0.019391997211312732,4199,Olfactory_R,Precuneus_R
2251,21,68,22,69,-0.020464076497413088,0.020464076497413088,0.020464076497413088,4144,Olfactory_R,Paracentral_Lobule_L
2252,21,69,22,70,-0.0019149935096429262,0.0019149935096429262,0.0019149935096429262,5432,Olfactory_R,Paracentral_Lobule_R
2253,21,70,22,71,0.006808845715689215,0.006808845715689215,0.006808845715689215,5061,Olfactory_R,Caudate_L
2254,21,71,22,72,0.05954206126319272,0.05954206126319272,0.05954206126319272,2244,Olfactory_R,Caudate_R
2255,21,72,22,73,0.017852774026958392,0.017852774026958392,0.017852774026958392,4289,Olfactory_R,Putamen_L
2256,21,73,22,74,0.021007310208864465,0.021007310208864465,0.021007310208864465,4109,Olfactory_R,Putamen_R
2257,21,74,22,75,0.026025093381956656,0.026025093381956656,0.026025093381956656,3791,Olfactory_R,Pallidum_L
2258,21,75,22,76,0.00971889960567718,0.00971889960567718,0.00971889960567718,4868,Olfactory_R,Pallidum_R
2259,21,76,22,77,-0.0005375962935471938,0.0005375962935471938,0.0005375962935471938,5897,Olfactory_R,Thalamus_L
2260,21,77,22,78,0.0007625604237858295,0.0007625604237858295,0.0007625604237858295,5638,Olfactory_R,Thalamus_R
2261,21,78,22,79,-0.033818863983544965,0.033818863983544965,0.033818863983544965,3321,Olfactory_R,Heschl_L
2262,21,79,22,80,-0.015323701565611051,0.015323701565611051,0.015323701565611051,4460,Olfactory_R,Heschl_R
2263,21,80,22,81,-0.034600394801221394,0.034600394801221394,0.034600394801221394,3277,Olfactory_R,Temporal_Sup_L
2264,21,81,22,82,-0.05080022025643682,0.05080022025643682,0.05080022025643682,2555,Olfactory_R,Temporal_Sup_R
2265,21,82,22,83,-0.04374800592005244,0.04374800592005244,0.04374800592005244,2842,Olfactory_R,Temporal_Pole_Sup_L
2266,21,83,22,84,-0.01821887396475323,0.01821887396475323,0.01821887396475323,4266,Olfactory_R,Temporal_Pole_Sup_R
2267,21,84,22,85,-0.035021106740228715,0.035021106740228715,0.035021106740228715,3252,Olfactory_R,Temporal_Mid_L
2268,21,85,22,86,-0.02957414561701679,0.02957414561701679,0.02957414561701679,3585,Olfactory_R,Temporal_Mid_R
2269,21,86,22,87,-0.05558801092993951,0.05558801092993951,0.05558801092993951,2380,Olfactory_R,Temporal_Pole_Mid_L
2270,21,87,22,88,-0.03267668201051499,0.03267668201051499,0.03267668201051499,3393,Olfactory_R,Temporal_Pole_Mid_R
2271,21,88,22,89,-0.023142920128357763,0.023142920128357763,0.023142920128357763,3965,Olfactory_R,Temporal_Inf_L
2272,21,89,22,90,-0.024528925535352224,0.024528925535352224,0.024528925535352224,3875,Olfactory_R,Temporal_Inf_R
2273,21,90,22,91,0.01033047481790127,0.01033047481790127,0.01033047481790127,4822,Olfactory_R,Cerebelum_Crus1_L
2274,21,91,22,92,0.006098911655638675,0.006098911655638675,0.006098911655638675,5111,Olfactory_R,Cerebelum_Crus1_R
2275,21,92,22,93,-0.004353837721641543,0.004353837721641543,0.004353837721641543,5243,Olfactory_R,Cerebelum_Crus2_L
2276,21,93,22,94,0.009768090862061863,0.009768090862061863,0.009768090862061863,4863,Olfactory_R,Cerebelum_Crus2_R
2277,21,94,22,95,0.035220958532492755,0.035220958532492755,0.035220958532492755,3242,Olfactory_R,Cerebelum_3_L
2278,21,95,22,96,0.007408980019200199,0.007408980019200199,0.007408980019200199,5024,Olfactory_R,Cerebelum_3_R
2279,21,96,22,97,0.0028791414282159987,0.0028791414282159987,0.0028791414282159987,5365,Olfactory_R,Cerebelum_4_5_L
2280,21,97,22,98,-0.0005903162151223502,0.0005903162151223502,0.0005903162151223502,5778,Olfactory_R,Cerebelum_4_5_R
2281,21,98,22,99,0.02660902996441648,0.02660902996441648,0.02660902996441648,3751,Olfactory_R,Cerebelum_6_L
2282,21,99,22,100,0.012381827823328877,0.012381827823328877,0.012381827823328877,4685,Olfactory_R,Cerebelum_6_R
2283,21,100,22,101,0.013500432632888769,0.013500432632888769,0.013500432632888769,4596,Olfactory_R,Cerebelum_7b_L
2284,21,101,22,102,0.019316056958139132,0.019316056958139132,0.019316056958139132,4206,Olfactory_R,Cerebelum_7b_R
2285,21,102,22,103,-0.014937094818131982,0.014937094818131982,0.014937094818131982,4481,Olfactory_R,Cerebelum_8_L
2286,21,103,22,104,0.006707551760532254,0.006707551760532254,0.006707551760532254,5070,Olfactory_R,Cerebelum_8_R
2287,21,104,22,105,0.014668012256208333,0.014668012256208333,0.014668012256208333,4499,Olfactory_R,Cerebelum_9_L
2288,21,105,22,106,0.004094207561079307,0.004094207561079307,0.004094207561079307,5263,Olfactory_R,Cerebelum_9_R
2289,21,106,22,107,-0.027417777554073486,0.027417777554073486,0.027417777554073486,3706,Olfactory_R,Cerebelum_10_L
2290,21,107,22,108,0.0006620670731544932,0.0006620670731544932,0.0006620670731544932,5659,Olfactory_R,Cerebelum_10_R
2291,21,108,22,109,0.0725984881819767,0.0725984881819767,0.0725984881819767,1838,Olfactory_R,Vermis_1_2
2292,21,109,22,110,-0.034000946448087994,0.034000946448087994,0.034000946448087994,3314,Olfactory_R,Vermis_3
2293,21,110,22,111,0.022522227198740818,0.022522227198740818,0.022522227198740818,4011,Olfactory_R,Vermis_4_5
2294,21,111,22,112,0.04069301193284002,0.04069301193284002,0.04069301193284002,2995,Olfactory_R,Vermis_6
2295,21,112,22,113,0.0208772509694219,0.0208772509694219,0.0208772509694219,4117,Olfactory_R,Vermis_7
2296,21,113,22,114,0.01947112963101409,0.01947112963101409,0.01947112963101409,4192,Olfactory_R,Vermis_8
2297,21,114,22,115,-0.0013464187323432093,0.0013464187323432093,0.0013464187323432093,5480,Olfactory_R,Vermis_9
2298,21,115,22,116,-0.06030385657846825,0.06030385657846825,0.06030385657846825,2219,Olfactory_R,Vermis_10
2299,22,23,23,24,-0.03327637069435428,0.03327637069435428,0.03327637069435428,3358,Frontal_Sup_Medial_L,Frontal_Sup_Medial_R
2300,22,24,23,25,-0.06476623752961805,0.06476623752961805,0.06476623752961805,2066,Frontal_Sup_Medial_L,Frontal_Med_Orb_L
2301,22,25,23,26,0.013692800101588258,0.013692800101588258,0.013692800101588258,4586,Frontal_Sup_Medial_L,Frontal_Med_Orb_R
2302,22,26,23,27,0.028980394996036694,0.028980394996036694,0.028980394996036694,3613,Frontal_Sup_Medial_L,Rectus_L
2303,22,27,23,28,0.03540605185867784,0.03540605185867784,0.03540605185867784,3228,Frontal_Sup_Medial_L,Rectus_R
2304,22,28,23,29,-0.033774843201266926,0.033774843201266926,0.033774843201266926,3322,Frontal_Sup_Medial_L,Insula_L
2305,22,29,23,30,-0.05250890794482101,0.05250890794482101,0.05250890794482101,2487,Frontal_Sup_Medial_L,Insula_R
2306,22,30,23,31,0.05107338320216433,0.05107338320216433,0.05107338320216433,2545,Frontal_Sup_Medial_L,Cingulum_Ant_L
2307,22,31,23,32,0.027819475313408507,0.027819475313408507,0.027819475313408507,3683,Frontal_Sup_Medial_L,Cingulum_Ant_R
2308,22,32,23,33,0.02437646009895032,0.02437646009895032,0.02437646009895032,3887,Frontal_Sup_Medial_L,Cingulum_Mid_L
2309,22,33,23,34,-0.01399384746557296,0.01399384746557296,0.01399384746557296,4549,Frontal_Sup_Medial_L,Cingulum_Mid_R
2310,22,34,23,35,-0.06705724992314051,0.06705724992314051,0.06705724992314051,1996,Frontal_Sup_Medial_L,Cingulum_Post_L
2311,22,35,23,36,-0.05750785734803387,0.05750785734803387,0.05750785734803387,2318,Frontal_Sup_Medial_L,Cingulum_Post_R
2312,22,36,23,37,-0.07262204639204627,0.07262204639204627,0.07262204639204627,1836,Frontal_Sup_Medial_L,Hippocampus_L
2313,22,37,23,38,-0.030972067392285352,0.030972067392285352,0.030972067392285352,3495,Frontal_Sup_Medial_L,Hippocampus_R
2314,22,38,23,39,-0.009072093684923822,0.009072093684923822,0.009072093684923822,4913,Frontal_Sup_Medial_L,ParaHippocampal_L
2315,22,39,23,40,-0.030748039649775166,0.030748039649775166,0.030748039649775166,3515,Frontal_Sup_Medial_L,ParaHippocampal_R
2316,22,40,23,41,-0.032910269092367696,0.032910269092367696,0.032910269092367696,3378,Frontal_Sup_Medial_L,Amygdala_L
2317,22,41,23,42,-0.06518446400629264,0.06518446400629264,0.06518446400629264,2055,Frontal_Sup_Medial_L,Amygdala_R
2318,22,42,23,43,-0.027638275176659906,0.027638275176659906,0.027638275176659906,3693,Frontal_Sup_Medial_L,Calcarine_L
2319,22,43,23,44,-0.04723001136940292,0.04723001136940292,0.04723001136940292,2690,Frontal_Sup_Medial_L,Calcarine_R
2320,22,44,23,45,-0.042667905602173005,0.042667905602173005,0.042667905602173005,2885,Frontal_Sup_Medial_L,Cuneus_L
2321,22,45,23,46,-0.04509418161159095,0.04509418161159095,0.04509418161159095,2779,Frontal_Sup_Medial_L,Cuneus_R
2322,22,46,23,47,-0.016356238049876213,0.016356238049876213,0.016356238049876213,4386,Frontal_Sup_Medial_L,Lingual_L
2323,22,47,23,48,-0.03913776208282906,0.03913776208282906,0.03913776208282906,3071,Frontal_Sup_Medial_L,Lingual_R
2324,22,48,23,49,0.0034214793028090992,0.0034214793028090992,0.0034214793028090992,5322,Frontal_Sup_Medial_L,Occipital_Sup_L
2325,22,49,23,50,-0.010211084011474676,0.010211084011474676,0.010211084011474676,4839,Frontal_Sup_Medial_L,Occipital_Sup_R
2326,22,50,23,51,0.01674967595152675,0.01674967595152675,0.01674967595152675,4354,Frontal_Sup_Medial_L,Occipital_Mid_L
2327,22,51,23,52,-0.008829416707200947,0.008829416707200947,0.008829416707200947,4929,Frontal_Sup_Medial_L,Occipital_Mid_R
2328,22,52,23,53,0.0057576501280806516,0.0057576501280806516,0.0057576501280806516,5132,Frontal_Sup_Medial_L,Occipital_Inf_L
2329,22,53,23,54,-0.004246325302629841,0.004246325302629841,0.004246325302629841,5251,Frontal_Sup_Medial_L,Occipital_Inf_R
2330,22,54,23,55,0.011997632062001114,0.011997632062001114,0.011997632062001114,4712,Frontal_Sup_Medial_L,Fusiform_L
2331,22,55,23,56,0.023787452186169622,0.023787452186169622,0.023787452186169622,3919,Frontal_Sup_Medial_L,Fusiform_R
2332,22,56,23,57,-0.006257269837971753,0.006257269837971753,0.006257269837971753,5101,Frontal_Sup_Medial_L,Postcentral_L
2333,22,57,23,58,0.0076480005505308,0.0076480005505308,0.0076480005505308,5011,Frontal_Sup_Medial_L,Postcentral_R
2334,22,58,23,59,0.0005354145303733658,0.0005354145303733658,0.0005354145303733658,5905,Frontal_Sup_Medial_L,Parietal_Sup_L
2335,22,59,23,60,0.0005687514359422258,0.0005687514359422258,0.0005687514359422258,5806,Frontal_Sup_Medial_L,Parietal_Sup_R
2336,22,60,23,61,-0.16894906070989515,0.16894906070989515,0.16894906070989515,474,Frontal_Sup_Medial_L,Parietal_Inf_L
2337,22,61,23,62,0.0005075704575088825,0.0005075704575088825,0.0005075704575088825,6041,Frontal_Sup_Medial_L,Parietal_Inf_R
2338,22,62,23,63,0.0004970501005763336,0.0004970501005763336,0.0004970501005763336,6108,Frontal_Sup_Medial_L,SupraMarginal_L
2339,22,63,23,64,-0.007087038886957272,0.007087038886957272,0.007087038886957272,5043,Frontal_Sup_Medial_L,SupraMarginal_R
2340,22,64,23,65,0.06697309268651773,0.06697309268651773,0.06697309268651773,2000,Frontal_Sup_Medial_L,Angular_L
2341,22,65,23,66,0.0008761220019668486,0.0008761220019668486,0.0008761220019668486,5541,Frontal_Sup_Medial_L,Angular_R
2342,22,66,23,67,-0.10361655582634324,0.10361655582634324,0.10361655582634324,1180,Frontal_Sup_Medial_L,Precuneus_L
2343,22,67,23,68,-0.061639441083413495,0.061639441083413495,0.061639441083413495,2177,Frontal_Sup_Medial_L,Precuneus_R
2344,22,68,23,69,-0.08360714567544528,0.08360714567544528,0.08360714567544528,1570,Frontal_Sup_Medial_L,Paracentral_Lobule_L
2345,22,69,23,70,0.006515778513457957,0.006515778513457957,0.006515778513457957,5086,Frontal_Sup_Medial_L,Paracentral_Lobule_R
2346,22,70,23,71,-0.02630852654417282,0.02630852654417282,0.02630852654417282,3776,Frontal_Sup_Medial_L,Caudate_L
2347,22,71,23,72,-0.08918556636309063,0.08918556636309063,0.08918556636309063,1453,Frontal_Sup_Medial_L,Caudate_R
2348,22,72,23,73,-0.11819599760101326,0.11819599760101326,0.11819599760101326,963,Frontal_Sup_Medial_L,Putamen_L
2349,22,73,23,74,0.008936055543727877,0.008936055543727877,0.008936055543727877,4921,Frontal_Sup_Medial_L,Putamen_R
2350,22,74,23,75,0.019622868966611664,0.019622868966611664,0.019622868966611664,4185,Frontal_Sup_Medial_L,Pallidum_L
2351,22,75,23,76,-0.03358180386626484,0.03358180386626484,0.03358180386626484,3334,Frontal_Sup_Medial_L,Pallidum_R
2352,22,76,23,77,0.15165418533047823,0.15165418533047823,0.15165418533047823,609,Frontal_Sup_Medial_L,Thalamus_L
2353,22,77,23,78,-0.013557313755103561,0.013557313755103561,0.013557313755103561,4595,Frontal_Sup_Medial_L,Thalamus_R
2354,22,78,23,79,-0.022246151363280786,0.022246151363280786,0.022246151363280786,4034,Frontal_Sup_Medial_L,Heschl_L
2355,22,79,23,80,0.010253814822633987,0.010253814822633987,0.010253814822633987,4834,Frontal_Sup_Medial_L,Heschl_R
2356,22,80,23,81,-0.16341361071492025,0.16341361071492025,0.16341361071492025,508,Frontal_Sup_Medial_L,Temporal_Sup_L
2357,22,81,23,82,-0.14355363848780758,0.14355363848780758,0.14355363848780758,690,Frontal_Sup_Medial_L,Temporal_Sup_R
2358,22,82,23,83,-0.12962185481370006,0.12962185481370006,0.12962185481370006,826,Frontal_Sup_Medial_L,Temporal_Pole_Sup_L
2359,22,83,23,84,-0.15250960512622744,0.15250960512622744,0.15250960512622744,600,Frontal_Sup_Medial_L,Temporal_Pole_Sup_R
2360,22,84,23,85,-0.1725181713267596,0.1725181713267596,0.1725181713267596,455,Frontal_Sup_Medial_L,Temporal_Mid_L
2361,22,85,23,86,0.03423056984760842,0.03423056984760842,0.03423056984760842,3294,Frontal_Sup_Medial_L,Temporal_Mid_R
2362,22,86,23,87,-0.2125561419231409,0.2125561419231409,0.2125561419231409,266,Frontal_Sup_Medial_L,Temporal_Pole_Mid_L
2363,22,87,23,88,-0.0745758608780316,0.0745758608780316,0.0745758608780316,1790,Frontal_Sup_Medial_L,Temporal_Pole_Mid_R
2364,22,88,23,89,-0.12157875616686285,0.12157875616686285,0.12157875616686285,917,Frontal_Sup_Medial_L,Temporal_Inf_L
2365,22,89,23,90,0.03202149963094094,0.03202149963094094,0.03202149963094094,3433,Frontal_Sup_Medial_L,Temporal_Inf_R
2366,22,90,23,91,-0.03543860159897461,0.03543860159897461,0.03543860159897461,3225,Frontal_Sup_Medial_L,Cerebelum_Crus1_L
2367,22,91,23,92,0.07923369587286193,0.07923369587286193,0.07923369587286193,1671,Frontal_Sup_Medial_L,Cerebelum_Crus1_R
2368,22,92,23,93,0.05333919239217152,0.05333919239217152,0.05333919239217152,2454,Frontal_Sup_Medial_L,Cerebelum_Crus2_L
2369,22,93,23,94,0.003082685425130185,0.003082685425130185,0.003082685425130185,5347,Frontal_Sup_Medial_L,Cerebelum_Crus2_R
2370,22,94,23,95,-0.02581819274498361,0.02581819274498361,0.02581819274498361,3799,Frontal_Sup_Medial_L,Cerebelum_3_L
2371,22,95,23,96,0.08184257072506547,0.08184257072506547,0.08184257072506547,1613,Frontal_Sup_Medial_L,Cerebelum_3_R
2372,22,96,23,97,-0.054831035582945685,0.054831035582945685,0.054831035582945685,2406,Frontal_Sup_Medial_L,Cerebelum_4_5_L
2373,22,97,23,98,-0.06666795742502864,0.06666795742502864,0.06666795742502864,2013,Frontal_Sup_Medial_L,Cerebelum_4_5_R
2374,22,98,23,99,-0.025103984454412583,0.025103984454412583,0.025103984454412583,3845,Frontal_Sup_Medial_L,Cerebelum_6_L
2375,22,99,23,100,-0.08689328846540721,0.08689328846540721,0.08689328846540721,1507,Frontal_Sup_Medial_L,Cerebelum_6_R
2376,22,100,23,101,0.015990120701479597,0.015990120701479597,0.015990120701479597,4413,Frontal_Sup_Medial_L,Cerebelum_7b_L
2377,22,101,23,102,0.0026285725696996564,0.0026285725696996564,0.0026285725696996564,5382,Frontal_Sup_Medial_L,Cerebelum_7b_R
2378,22,102,23,103,0.08435495369867217,0.08435495369867217,0.08435495369867217,1553,Frontal_Sup_Medial_L,Cerebelum_8_L
2379,22,103,23,104,0.10410970749642179,0.10410970749642179,0.10410970749642179,1171,Frontal_Sup_Medial_L,Cerebelum_8_R
2380,22,104,23,105,-0.03947970300169654,0.03947970300169654,0.03947970300169654,3053,Frontal_Sup_Medial_L,Cerebelum_9_L
2381,22,105,23,106,0.04170125994988214,0.04170125994988214,0.04170125994988214,2933,Frontal_Sup_Medial_L,Cerebelum_9_R
2382,22,106,23,107,-0.06457224919272998,0.06457224919272998,0.06457224919272998,2073,Frontal_Sup_Medial_L,Cerebelum_10_L
2383,22,107,23,108,0.14685177659172916,0.14685177659172916,0.14685177659172916,651,Frontal_Sup_Medial_L,Cerebelum_10_R
2384,22,108,23,109,-0.01788303705607861,0.01788303705607861,0.01788303705607861,4287,Frontal_Sup_Medial_L,Vermis_1_2
2385,22,109,23,110,-0.010881288274478236,0.010881288274478236,0.010881288274478236,4791,Frontal_Sup_Medial_L,Vermis_3
2386,22,110,23,111,-0.012964457808811801,0.012964457808811801,0.012964457808811801,4634,Frontal_Sup_Medial_L,Vermis_4_5
2387,22,111,23,112,0.0016719087773941121,0.0016719087773941121,0.0016719087773941121,5454,Frontal_Sup_Medial_L,Vermis_6
2388,22,112,23,113,-0.05933820281827997,0.05933820281827997,0.05933820281827997,2249,Frontal_Sup_Medial_L,Vermis_7
2389,22,113,23,114,-0.07486436050532015,0.07486436050532015,0.07486436050532015,1783,Frontal_Sup_Medial_L,Vermis_8
2390,22,114,23,115,-0.0029719628496014954,0.0029719628496014954,0.0029719628496014954,5358,Frontal_Sup_Medial_L,Vermis_9
2391,22,115,23,116,0.05211157787574423,0.05211157787574423,0.05211157787574423,2503,Frontal_Sup_Medial_L,Vermis_10
2392,23,24,24,25,-0.15189633360698435,0.15189633360698435,0.15189633360698435,606,Frontal_Sup_Medial_R,Frontal_Med_Orb_L
2393,23,25,24,26,-0.030572728633149148,0.030572728633149148,0.030572728633149148,3525,Frontal_Sup_Medial_R,Frontal_Med_Orb_R
2394,23,26,24,27,0.01728111973516409,0.01728111973516409,0.01728111973516409,4320,Frontal_Sup_Medial_R,Rectus_L
2395,23,27,24,28,0.037117370440380826,0.037117370440380826,0.037117370440380826,3154,Frontal_Sup_Medial_R,Rectus_R
2396,23,28,24,29,0.08279165241197403,0.08279165241197403,0.08279165241197403,1594,Frontal_Sup_Medial_R,Insula_L
2397,23,29,24,30,-0.027823538147853558,0.027823538147853558,0.027823538147853558,3681,Frontal_Sup_Medial_R,Insula_R
2398,23,30,24,31,-0.07568264534640225,0.07568264534640225,0.07568264534640225,1767,Frontal_Sup_Medial_R,Cingulum_Ant_L
2399,23,31,24,32,-0.009090490336616878,0.009090490336616878,0.009090490336616878,4912,Frontal_Sup_Medial_R,Cingulum_Ant_R
2400,23,32,24,33,0.04870314949815106,0.04870314949815106,0.04870314949815106,2636,Frontal_Sup_Medial_R,Cingulum_Mid_L
2401,23,33,24,34,0.032898313890478356,0.032898313890478356,0.032898313890478356,3380,Frontal_Sup_Medial_R,Cingulum_Mid_R
2402,23,34,24,35,-0.11666077020211392,0.11666077020211392,0.11666077020211392,982,Frontal_Sup_Medial_R,Cingulum_Post_L
2403,23,35,24,36,-0.17368240974454255,0.17368240974454255,0.17368240974454255,447,Frontal_Sup_Medial_R,Cingulum_Post_R
2404,23,36,24,37,-0.08264018556962459,0.08264018556962459,0.08264018556962459,1597,Frontal_Sup_Medial_R,Hippocampus_L
2405,23,37,24,38,-0.09131805180572962,0.09131805180572962,0.09131805180572962,1416,Frontal_Sup_Medial_R,Hippocampus_R
2406,23,38,24,39,0.004015210533825599,0.004015210533825599,0.004015210533825599,5273,Frontal_Sup_Medial_R,ParaHippocampal_L
2407,23,39,24,40,-0.05996278122170462,0.05996278122170462,0.05996278122170462,2229,Frontal_Sup_Medial_R,ParaHippocampal_R
2408,23,40,24,41,0.011335574302693094,0.011335574302693094,0.011335574302693094,4766,Frontal_Sup_Medial_R,Amygdala_L
2409,23,41,24,42,-0.02879834027397457,0.02879834027397457,0.02879834027397457,3618,Frontal_Sup_Medial_R,Amygdala_R
2410,23,42,24,43,-0.0198069773381941,0.0198069773381941,0.0198069773381941,4176,Frontal_Sup_Medial_R,Calcarine_L
2411,23,43,24,44,-0.05734985230406232,0.05734985230406232,0.05734985230406232,2323,Frontal_Sup_Medial_R,Calcarine_R
2412,23,44,24,45,-0.04146776358675143,0.04146776358675143,0.04146776358675143,2945,Frontal_Sup_Medial_R,Cuneus_L
2413,23,45,24,46,-0.042250137653881734,0.042250137653881734,0.042250137653881734,2902,Frontal_Sup_Medial_R,Cuneus_R
2414,23,46,24,47,-0.018438704370785448,0.018438704370785448,0.018438704370785448,4257,Frontal_Sup_Medial_R,Lingual_L
2415,23,47,24,48,-0.037864782309073836,0.037864782309073836,0.037864782309073836,3122,Frontal_Sup_Medial_R,Lingual_R
2416,23,48,24,49,-0.008203831056152393,0.008203831056152393,0.008203831056152393,4975,Frontal_Sup_Medial_R,Occipital_Sup_L
2417,23,49,24,50,-0.009559550273589805,0.009559550273589805,0.009559550273589805,4883,Frontal_Sup_Medial_R,Occipital_Sup_R
2418,23,50,24,51,0.007525837405142022,0.007525837405142022,0.007525837405142022,5016,Frontal_Sup_Medial_R,Occipital_Mid_L
2419,23,51,24,52,-0.0426763398417113,0.0426763398417113,0.0426763398417113,2884,Frontal_Sup_Medial_R,Occipital_Mid_R
2420,23,52,24,53,-0.01906286476257812,0.01906286476257812,0.01906286476257812,4223,Frontal_Sup_Medial_R,Occipital_Inf_L
2421,23,53,24,54,-0.03621018159978582,0.03621018159978582,0.03621018159978582,3192,Frontal_Sup_Medial_R,Occipital_Inf_R
2422,23,54,24,55,0.02527222434955861,0.02527222434955861,0.02527222434955861,3826,Frontal_Sup_Medial_R,Fusiform_L
2423,23,55,24,56,0.005168592133734204,0.005168592133734204,0.005168592133734204,5184,Frontal_Sup_Medial_R,Fusiform_R
2424,23,56,24,57,-0.0022899517390897114,0.0022899517390897114,0.0022899517390897114,5397,Frontal_Sup_Medial_R,Postcentral_L
2425,23,57,24,58,-0.007517824608331697,0.007517824608331697,0.007517824608331697,5017,Frontal_Sup_Medial_R,Postcentral_R
2426,23,58,24,59,0.0005314264461672028,0.0005314264461672028,0.0005314264461672028,5918,Frontal_Sup_Medial_R,Parietal_Sup_L
2427,23,59,24,60,0.0005713011721007597,0.0005713011721007597,0.0005713011721007597,5798,Frontal_Sup_Medial_R,Parietal_Sup_R
2428,23,60,24,61,-0.004849166469839371,0.004849166469839371,0.004849166469839371,5208,Frontal_Sup_Medial_R,Parietal_Inf_L
2429,23,61,24,62,0.0005170742661571535,0.0005170742661571535,0.0005170742661571535,5981,Frontal_Sup_Medial_R,Parietal_Inf_R
2430,23,62,24,63,0.0005101956833156134,0.0005101956833156134,0.0005101956833156134,6019,Frontal_Sup_Medial_R,SupraMarginal_L
2431,23,63,24,64,0.027288034926677286,0.027288034926677286,0.027288034926677286,3719,Frontal_Sup_Medial_R,SupraMarginal_R
2432,23,64,24,65,-0.014559756324518726,0.014559756324518726,0.014559756324518726,4508,Frontal_Sup_Medial_R,Angular_L
2433,23,65,24,66,0.0008539802052156257,0.0008539802052156257,0.0008539802052156257,5600,Frontal_Sup_Medial_R,Angular_R
2434,23,66,24,67,-0.09715391616342846,0.09715391616342846,0.09715391616342846,1299,Frontal_Sup_Medial_R,Precuneus_L
2435,23,67,24,68,-0.1446587852504286,0.1446587852504286,0.1446587852504286,677,Frontal_Sup_Medial_R,Precuneus_R
2436,23,68,24,69,-0.07017080898047487,0.07017080898047487,0.07017080898047487,1899,Frontal_Sup_Medial_R,Paracentral_Lobule_L
2437,23,69,24,70,0.03297735090025697,0.03297735090025697,0.03297735090025697,3375,Frontal_Sup_Medial_R,Paracentral_Lobule_R
2438,23,70,24,71,-0.05636293751039798,0.05636293751039798,0.05636293751039798,2359,Frontal_Sup_Medial_R,Caudate_L
2439,23,71,24,72,-0.19527033730068039,0.19527033730068039,0.19527033730068039,328,Frontal_Sup_Medial_R,Caudate_R
2440,23,72,24,73,-0.07804275644522314,0.07804275644522314,0.07804275644522314,1701,Frontal_Sup_Medial_R,Putamen_L
2441,23,73,24,74,0.02493514641155416,0.02493514641155416,0.02493514641155416,3852,Frontal_Sup_Medial_R,Putamen_R
2442,23,74,24,75,0.09330981181692363,0.09330981181692363,0.09330981181692363,1380,Frontal_Sup_Medial_R,Pallidum_L
2443,23,75,24,76,-0.16927873192213821,0.16927873192213821,0.16927873192213821,472,Frontal_Sup_Medial_R,Pallidum_R
2444,23,76,24,77,-0.03406915365300821,0.03406915365300821,0.03406915365300821,3308,Frontal_Sup_Medial_R,Thalamus_L
2445,23,77,24,78,-0.11431419623945066,0.11431419623945066,0.11431419623945066,1018,Frontal_Sup_Medial_R,Thalamus_R
2446,23,78,24,79,-0.014528620538829322,0.014528620538829322,0.014528620538829322,4512,Frontal_Sup_Medial_R,Heschl_L
2447,23,79,24,80,0.0007787943275265362,0.0007787943275265362,0.0007787943275265362,5634,Frontal_Sup_Medial_R,Heschl_R
2448,23,80,24,81,-0.05918480755169429,0.05918480755169429,0.05918480755169429,2255,Frontal_Sup_Medial_R,Temporal_Sup_L
2449,23,81,24,82,-0.1751420240137498,0.1751420240137498,0.1751420240137498,438,Frontal_Sup_Medial_R,Temporal_Sup_R
2450,23,82,24,83,-0.02881763282973807,0.02881763282973807,0.02881763282973807,3617,Frontal_Sup_Medial_R,Temporal_Pole_Sup_L
2451,23,83,24,84,-0.10013781050110053,0.10013781050110053,0.10013781050110053,1241,Frontal_Sup_Medial_R,Temporal_Pole_Sup_R
2452,23,84,24,85,-0.09628595131598679,0.09628595131598679,0.09628595131598679,1311,Frontal_Sup_Medial_R,Temporal_Mid_L
2453,23,85,24,86,0.03492598172176317,0.03492598172176317,0.03492598172176317,3258,Frontal_Sup_Medial_R,Temporal_Mid_R
2454,23,86,24,87,-0.1718358478811469,0.1718358478811469,0.1718358478811469,462,Frontal_Sup_Medial_R,Temporal_Pole_Mid_L
2455,23,87,24,88,0.02327058942409219,0.02327058942409219,0.02327058942409219,3952,Frontal_Sup_Medial_R,Temporal_Pole_Mid_R
2456,23,88,24,89,-0.07093740582071228,0.07093740582071228,0.07093740582071228,1880,Frontal_Sup_Medial_R,Temporal_Inf_L
2457,23,89,24,90,-0.06717130120009265,0.06717130120009265,0.06717130120009265,1989,Frontal_Sup_Medial_R,Temporal_Inf_R
2458,23,90,24,91,-0.07832663268280465,0.07832663268280465,0.07832663268280465,1695,Frontal_Sup_Medial_R,Cerebelum_Crus1_L
2459,23,91,24,92,-0.04534934825943991,0.04534934825943991,0.04534934825943991,2772,Frontal_Sup_Medial_R,Cerebelum_Crus1_R
2460,23,92,24,93,0.04344246036910541,0.04344246036910541,0.04344246036910541,2855,Frontal_Sup_Medial_R,Cerebelum_Crus2_L
2461,23,93,24,94,-0.22597430563626994,0.22597430563626994,0.22597430563626994,225,Frontal_Sup_Medial_R,Cerebelum_Crus2_R
2462,23,94,24,95,-0.01060250945977557,0.01060250945977557,0.01060250945977557,4807,Frontal_Sup_Medial_R,Cerebelum_3_L
2463,23,95,24,96,0.031073936855821962,0.031073936855821962,0.031073936855821962,3487,Frontal_Sup_Medial_R,Cerebelum_3_R
2464,23,96,24,97,0.01387886144937404,0.01387886144937404,0.01387886144937404,4564,Frontal_Sup_Medial_R,Cerebelum_4_5_L
2465,23,97,24,98,-0.04074415109660304,0.04074415109660304,0.04074415109660304,2991,Frontal_Sup_Medial_R,Cerebelum_4_5_R
2466,23,98,24,99,-0.027074470833104235,0.027074470833104235,0.027074470833104235,3730,Frontal_Sup_Medial_R,Cerebelum_6_L
2467,23,99,24,100,-0.05646923759113484,0.05646923759113484,0.05646923759113484,2351,Frontal_Sup_Medial_R,Cerebelum_6_R
2468,23,100,24,101,-0.0674411115046155,0.0674411115046155,0.0674411115046155,1981,Frontal_Sup_Medial_R,Cerebelum_7b_L
2469,23,101,24,102,-0.05237500569099797,0.05237500569099797,0.05237500569099797,2493,Frontal_Sup_Medial_R,Cerebelum_7b_R
2470,23,102,24,103,0.06638976125266721,0.06638976125266721,0.06638976125266721,2023,Frontal_Sup_Medial_R,Cerebelum_8_L
2471,23,103,24,104,0.07788386739601788,0.07788386739601788,0.07788386739601788,1706,Frontal_Sup_Medial_R,Cerebelum_8_R
2472,23,104,24,105,-0.13402567565008128,0.13402567565008128,0.13402567565008128,781,Frontal_Sup_Medial_R,Cerebelum_9_L
2473,23,105,24,106,-0.14341866782533513,0.14341866782533513,0.14341866782533513,692,Frontal_Sup_Medial_R,Cerebelum_9_R
2474,23,106,24,107,-0.24087966789630166,0.24087966789630166,0.24087966789630166,185,Frontal_Sup_Medial_R,Cerebelum_10_L
2475,23,107,24,108,0.071948162465325,0.071948162465325,0.071948162465325,1852,Frontal_Sup_Medial_R,Cerebelum_10_R
2476,23,108,24,109,-0.0008417335589943656,0.0008417335589943656,0.0008417335589943656,5617,Frontal_Sup_Medial_R,Vermis_1_2
2477,23,109,24,110,-0.02500277130064239,0.02500277130064239,0.02500277130064239,3851,Frontal_Sup_Medial_R,Vermis_3
2478,23,110,24,111,-0.00040853713209262275,0.00040853713209262275,0.00040853713209262275,6533,Frontal_Sup_Medial_R,Vermis_4_5
2479,23,111,24,112,0.014402334381729923,0.014402334381729923,0.014402334381729923,4521,Frontal_Sup_Medial_R,Vermis_6
2480,23,112,24,113,-0.05479735248907768,0.05479735248907768,0.05479735248907768,2408,Frontal_Sup_Medial_R,Vermis_7
2481,23,113,24,114,-0.07086726405487578,0.07086726405487578,0.07086726405487578,1883,Frontal_Sup_Medial_R,Vermis_8
2482,23,114,24,115,-0.022280277240509173,0.022280277240509173,0.022280277240509173,4032,Frontal_Sup_Medial_R,Vermis_9
2483,23,115,24,116,0.0779088619724084,0.0779088619724084,0.0779088619724084,1705,Frontal_Sup_Medial_R,Vermis_10
2484,24,25,25,26,-0.01028775885980743,0.01028775885980743,0.01028775885980743,4828,Frontal_Med_Orb_L,Frontal_Med_Orb_R
2485,24,26,25,27,0.12041948048990911,0.12041948048990911,0.12041948048990911,931,Frontal_Med_Orb_L,Rectus_L
2486,24,27,25,28,-0.06085288148615309,0.06085288148615309,0.06085288148615309,2209,Frontal_Med_Orb_L,Rectus_R
2487,24,28,25,29,-0.07379659985214214,0.07379659985214214,0.07379659985214214,1808,Frontal_Med_Orb_L,Insula_L
2488,24,29,25,30,-0.1925505482037863,0.1925505482037863,0.1925505482037863,342,Frontal_Med_Orb_L,Insula_R
2489,24,30,25,31,-0.1938403515464368,0.1938403515464368,0.1938403515464368,333,Frontal_Med_Orb_L,Cingulum_Ant_L
2490,24,31,25,32,-0.15779942431193295,0.15779942431193295,0.15779942431193295,547,Frontal_Med_Orb_L,Cingulum_Ant_R
2491,24,32,25,33,-0.04752969536944883,0.04752969536944883,0.04752969536944883,2679,Frontal_Med_Orb_L,Cingulum_Mid_L
2492,24,33,25,34,-0.14092830798120584,0.14092830798120584,0.14092830798120584,719,Frontal_Med_Orb_L,Cingulum_Mid_R
2493,24,34,25,35,-0.04882577314586633,0.04882577314586633,0.04882577314586633,2629,Frontal_Med_Orb_L,Cingulum_Post_L
2494,24,35,25,36,-0.09122679573425355,0.09122679573425355,0.09122679573425355,1419,Frontal_Med_Orb_L,Cingulum_Post_R
2495,24,36,25,37,0.049794359186707306,0.049794359186707306,0.049794359186707306,2602,Frontal_Med_Orb_L,Hippocampus_L
2496,24,37,25,38,-0.037324372080685744,0.037324372080685744,0.037324372080685744,3145,Frontal_Med_Orb_L,Hippocampus_R
2497,24,38,25,39,-0.05038357476588525,0.05038357476588525,0.05038357476588525,2571,Frontal_Med_Orb_L,ParaHippocampal_L
2498,24,39,25,40,-0.07982120765171706,0.07982120765171706,0.07982120765171706,1661,Frontal_Med_Orb_L,ParaHippocampal_R
2499,24,40,25,41,0.012240110243921248,0.012240110243921248,0.012240110243921248,4696,Frontal_Med_Orb_L,Amygdala_L
2500,24,41,25,42,-0.17542572735686882,0.17542572735686882,0.17542572735686882,436,Frontal_Med_Orb_L,Amygdala_R
2501,24,42,25,43,0.03143464382523932,0.03143464382523932,0.03143464382523932,3463,Frontal_Med_Orb_L,Calcarine_L
2502,24,43,25,44,0.009273473907793626,0.009273473907793626,0.009273473907793626,4904,Frontal_Med_Orb_L,Calcarine_R
2503,24,44,25,45,-0.008421235309384602,0.008421235309384602,0.008421235309384602,4957,Frontal_Med_Orb_L,Cuneus_L
2504,24,45,25,46,0.03665836828031581,0.03665836828031581,0.03665836828031581,3173,Frontal_Med_Orb_L,Cuneus_R
2505,24,46,25,47,0.0401663840224855,0.0401663840224855,0.0401663840224855,3027,Frontal_Med_Orb_L,Lingual_L
2506,24,47,25,48,0.034816567695777685,0.034816567695777685,0.034816567695777685,3262,Frontal_Med_Orb_L,Lingual_R
2507,24,48,25,49,0.0411791168010039,0.0411791168010039,0.0411791168010039,2965,Frontal_Med_Orb_L,Occipital_Sup_L
2508,24,49,25,50,0.055644185711875724,0.055644185711875724,0.055644185711875724,2378,Frontal_Med_Orb_L,Occipital_Sup_R
2509,24,50,25,51,0.02230346190486562,0.02230346190486562,0.02230346190486562,4029,Frontal_Med_Orb_L,Occipital_Mid_L
2510,24,51,25,52,-0.013092253487830498,0.013092253487830498,0.013092253487830498,4626,Frontal_Med_Orb_L,Occipital_Mid_R
2511,24,52,25,53,0.0016677545756881883,0.0016677545756881883,0.0016677545756881883,5456,Frontal_Med_Orb_L,Occipital_Inf_L
2512,24,53,25,54,-0.026589787328495464,0.026589787328495464,0.026589787328495464,3753,Frontal_Med_Orb_L,Occipital_Inf_R
2513,24,54,25,55,0.03372569350901016,0.03372569350901016,0.03372569350901016,3324,Frontal_Med_Orb_L,Fusiform_L
2514,24,55,25,56,0.022653770615463167,0.022653770615463167,0.022653770615463167,4004,Frontal_Med_Orb_L,Fusiform_R
2515,24,56,25,57,-0.005016392693738282,0.005016392693738282,0.005016392693738282,5194,Frontal_Med_Orb_L,Postcentral_L
2516,24,57,25,58,-0.0301025164335958,0.0301025164335958,0.0301025164335958,3554,Frontal_Med_Orb_L,Postcentral_R
2517,24,58,25,59,0.0005212446311420048,0.0005212446311420048,0.0005212446311420048,5953,Frontal_Med_Orb_L,Parietal_Sup_L
2518,24,59,25,60,0.000544882744030157,0.000544882744030157,0.000544882744030157,5881,Frontal_Med_Orb_L,Parietal_Sup_R
2519,24,60,25,61,-0.23669894476340442,0.23669894476340442,0.23669894476340442,193,Frontal_Med_Orb_L,Parietal_Inf_L
2520,24,61,25,62,0.00048099735142530535,0.00048099735142530535,0.00048099735142530535,6220,Frontal_Med_Orb_L,Parietal_Inf_R
2521,24,62,25,63,0.0005100671475540355,0.0005100671475540355,0.0005100671475540355,6026,Frontal_Med_Orb_L,SupraMarginal_L
2522,24,63,25,64,-0.10440725412567228,0.10440725412567228,0.10440725412567228,1167,Frontal_Med_Orb_L,SupraMarginal_R
2523,24,64,25,65,-0.027186281960851526,0.027186281960851526,0.027186281960851526,3725,Frontal_Med_Orb_L,Angular_L
2524,24,65,25,66,0.0008477083966530206,0.0008477083966530206,0.0008477083966530206,5611,Frontal_Med_Orb_L,Angular_R
2525,24,66,25,67,-0.04761177457496781,0.04761177457496781,0.04761177457496781,2677,Frontal_Med_Orb_L,Precuneus_L
2526,24,67,25,68,-0.007077449738177864,0.007077449738177864,0.007077449738177864,5045,Frontal_Med_Orb_L,Precuneus_R
2527,24,68,25,69,-0.1599759508973513,0.1599759508973513,0.1599759508973513,528,Frontal_Med_Orb_L,Paracentral_Lobule_L
2528,24,69,25,70,-0.044951560495921444,0.044951560495921444,0.044951560495921444,2783,Frontal_Med_Orb_L,Paracentral_Lobule_R
2529,24,70,25,71,0.027973106749561598,0.027973106749561598,0.027973106749561598,3672,Frontal_Med_Orb_L,Caudate_L
2530,24,71,25,72,-0.07892110949301064,0.07892110949301064,0.07892110949301064,1677,Frontal_Med_Orb_L,Caudate_R
2531,24,72,25,73,-0.011278331527475012,0.011278331527475012,0.011278331527475012,4769,Frontal_Med_Orb_L,Putamen_L
2532,24,73,25,74,0.12138377406219372,0.12138377406219372,0.12138377406219372,919,Frontal_Med_Orb_L,Putamen_R
2533,24,74,25,75,0.10763772930388414,0.10763772930388414,0.10763772930388414,1114,Frontal_Med_Orb_L,Pallidum_L
2534,24,75,25,76,-0.04553932365959552,0.04553932365959552,0.04553932365959552,2766,Frontal_Med_Orb_L,Pallidum_R
2535,24,76,25,77,0.1542188513991073,0.1542188513991073,0.1542188513991073,577,Frontal_Med_Orb_L,Thalamus_L
2536,24,77,25,78,0.03252483967187301,0.03252483967187301,0.03252483967187301,3404,Frontal_Med_Orb_L,Thalamus_R
2537,24,78,25,79,-0.1084165116441783,0.1084165116441783,0.1084165116441783,1103,Frontal_Med_Orb_L,Heschl_L
2538,24,79,25,80,-0.034019714875110296,0.034019714875110296,0.034019714875110296,3311,Frontal_Med_Orb_L,Heschl_R
2539,24,80,25,81,-0.153327835916245,0.153327835916245,0.153327835916245,587,Frontal_Med_Orb_L,Temporal_Sup_L
2540,24,81,25,82,-0.1005323877914059,0.1005323877914059,0.1005323877914059,1234,Frontal_Med_Orb_L,Temporal_Sup_R
2541,24,82,25,83,-0.057579261970765856,0.057579261970765856,0.057579261970765856,2312,Frontal_Med_Orb_L,Temporal_Pole_Sup_L
2542,24,83,25,84,-0.02313013423339565,0.02313013423339565,0.02313013423339565,3967,Frontal_Med_Orb_L,Temporal_Pole_Sup_R
2543,24,84,25,85,-0.08058705215595557,0.08058705215595557,0.08058705215595557,1637,Frontal_Med_Orb_L,Temporal_Mid_L
2544,24,85,25,86,-0.16783993848006798,0.16783993848006798,0.16783993848006798,478,Frontal_Med_Orb_L,Temporal_Mid_R
2545,24,86,25,87,-0.13362443993815498,0.13362443993815498,0.13362443993815498,784,Frontal_Med_Orb_L,Temporal_Pole_Mid_L
2546,24,87,25,88,0.07579867656820069,0.07579867656820069,0.07579867656820069,1765,Frontal_Med_Orb_L,Temporal_Pole_Mid_R
2547,24,88,25,89,-0.16530510898551168,0.16530510898551168,0.16530510898551168,493,Frontal_Med_Orb_L,Temporal_Inf_L
2548,24,89,25,90,-0.25329802632239445,0.25329802632239445,0.25329802632239445,143,Frontal_Med_Orb_L,Temporal_Inf_R
2549,24,90,25,91,-0.1412176273549035,0.1412176273549035,0.1412176273549035,715,Frontal_Med_Orb_L,Cerebelum_Crus1_L
2550,24,91,25,92,0.18023425132633197,0.18023425132633197,0.18023425132633197,404,Frontal_Med_Orb_L,Cerebelum_Crus1_R
2551,24,92,25,93,-0.1412338757016857,0.1412338757016857,0.1412338757016857,714,Frontal_Med_Orb_L,Cerebelum_Crus2_L
2552,24,93,25,94,0.08122761398076785,0.08122761398076785,0.08122761398076785,1622,Frontal_Med_Orb_L,Cerebelum_Crus2_R
2553,24,94,25,95,-0.07151931700342039,0.07151931700342039,0.07151931700342039,1862,Frontal_Med_Orb_L,Cerebelum_3_L
2554,24,95,25,96,-0.1003523211170658,0.1003523211170658,0.1003523211170658,1240,Frontal_Med_Orb_L,Cerebelum_3_R
2555,24,96,25,97,-0.24762297304546935,0.24762297304546935,0.24762297304546935,160,Frontal_Med_Orb_L,Cerebelum_4_5_L
2556,24,97,25,98,-0.14907917910893154,0.14907917910893154,0.14907917910893154,628,Frontal_Med_Orb_L,Cerebelum_4_5_R
2557,24,98,25,99,0.07875885367979672,0.07875885367979672,0.07875885367979672,1683,Frontal_Med_Orb_L,Cerebelum_6_L
2558,24,99,25,100,0.08401937496845288,0.08401937496845288,0.08401937496845288,1560,Frontal_Med_Orb_L,Cerebelum_6_R
2559,24,100,25,101,-0.2522493061692262,0.2522493061692262,0.2522493061692262,147,Frontal_Med_Orb_L,Cerebelum_7b_L
2560,24,101,25,102,-0.0500988413524831,0.0500988413524831,0.0500988413524831,2587,Frontal_Med_Orb_L,Cerebelum_7b_R
2561,24,102,25,103,-0.024551838438628727,0.024551838438628727,0.024551838438628727,3870,Frontal_Med_Orb_L,Cerebelum_8_L
2562,24,103,25,104,0.11200408927195675,0.11200408927195675,0.11200408927195675,1058,Frontal_Med_Orb_L,Cerebelum_8_R
2563,24,104,25,105,-0.16214505629789097,0.16214505629789097,0.16214505629789097,517,Frontal_Med_Orb_L,Cerebelum_9_L
2564,24,105,25,106,0.05535788286639352,0.05535788286639352,0.05535788286639352,2386,Frontal_Med_Orb_L,Cerebelum_9_R
2565,24,106,25,107,0.02801340096447155,0.02801340096447155,0.02801340096447155,3669,Frontal_Med_Orb_L,Cerebelum_10_L
2566,24,107,25,108,0.025758214437327363,0.025758214437327363,0.025758214437327363,3804,Frontal_Med_Orb_L,Cerebelum_10_R
2567,24,108,25,109,-0.009652724078663393,0.009652724078663393,0.009652724078663393,4873,Frontal_Med_Orb_L,Vermis_1_2
2568,24,109,25,110,-0.024610335499314528,0.024610335499314528,0.024610335499314528,3866,Frontal_Med_Orb_L,Vermis_3
2569,24,110,25,111,-0.005181435078390724,0.005181435078390724,0.005181435078390724,5180,Frontal_Med_Orb_L,Vermis_4_5
2570,24,111,25,112,0.06824690598915507,0.06824690598915507,0.06824690598915507,1952,Frontal_Med_Orb_L,Vermis_6
2571,24,112,25,113,0.0262623258558142,0.0262623258558142,0.0262623258558142,3781,Frontal_Med_Orb_L,Vermis_7
2572,24,113,25,114,-0.03706323758341899,0.03706323758341899,0.03706323758341899,3158,Frontal_Med_Orb_L,Vermis_8
2573,24,114,25,115,-0.021704597930196523,0.021704597930196523,0.021704597930196523,4068,Frontal_Med_Orb_L,Vermis_9
2574,24,115,25,116,0.05255402959633759,0.05255402959633759,0.05255402959633759,2483,Frontal_Med_Orb_L,Vermis_10
2575,25,26,26,27,0.108832241959511,0.108832241959511,0.108832241959511,1097,Frontal_Med_Orb_R,Rectus_L
2576,25,27,26,28,-0.07736715965214673,0.07736715965214673,0.07736715965214673,1722,Frontal_Med_Orb_R,Rectus_R
2577,25,28,26,29,0.0943397610008648,0.0943397610008648,0.0943397610008648,1354,Frontal_Med_Orb_R,Insula_L
2578,25,29,26,30,0.030601005848912063,0.030601005848912063,0.030601005848912063,3523,Frontal_Med_Orb_R,Insula_R
2579,25,30,26,31,0.05765815898567028,0.05765815898567028,0.05765815898567028,2306,Frontal_Med_Orb_R,Cingulum_Ant_L
2580,25,31,26,32,0.09937133134511372,0.09937133134511372,0.09937133134511372,1257,Frontal_Med_Orb_R,Cingulum_Ant_R
2581,25,32,26,33,0.12595993574878844,0.12595993574878844,0.12595993574878844,865,Frontal_Med_Orb_R,Cingulum_Mid_L
2582,25,33,26,34,0.03428259299300788,0.03428259299300788,0.03428259299300788,3291,Frontal_Med_Orb_R,Cingulum_Mid_R
2583,25,34,26,35,0.0340999271064058,0.0340999271064058,0.0340999271064058,3305,Frontal_Med_Orb_R,Cingulum_Post_L
2584,25,35,26,36,-0.0065933396565302,0.0065933396565302,0.0065933396565302,5080,Frontal_Med_Orb_R,Cingulum_Post_R
2585,25,36,26,37,0.08164691057725908,0.08164691057725908,0.08164691057725908,1616,Frontal_Med_Orb_R,Hippocampus_L
2586,25,37,26,38,0.09225875406965757,0.09225875406965757,0.09225875406965757,1397,Frontal_Med_Orb_R,Hippocampus_R
2587,25,38,26,39,0.11978703084204045,0.11978703084204045,0.11978703084204045,943,Frontal_Med_Orb_R,ParaHippocampal_L
2588,25,39,26,40,0.017367354156175813,0.017367354156175813,0.017367354156175813,4316,Frontal_Med_Orb_R,ParaHippocampal_R
2589,25,40,26,41,0.10798303769369474,0.10798303769369474,0.10798303769369474,1111,Frontal_Med_Orb_R,Amygdala_L
2590,25,41,26,42,-0.06679655538102712,0.06679655538102712,0.06679655538102712,2007,Frontal_Med_Orb_R,Amygdala_R
2591,25,42,26,43,0.07094180399470924,0.07094180399470924,0.07094180399470924,1879,Frontal_Med_Orb_R,Calcarine_L
2592,25,43,26,44,0.04268998415091192,0.04268998415091192,0.04268998415091192,2882,Frontal_Med_Orb_R,Calcarine_R
2593,25,44,26,45,0.009430162240459861,0.009430162240459861,0.009430162240459861,4891,Frontal_Med_Orb_R,Cuneus_L
2594,25,45,26,46,0.04662555956398537,0.04662555956398537,0.04662555956398537,2727,Frontal_Med_Orb_R,Cuneus_R
2595,25,46,26,47,0.042982183676499724,0.042982183676499724,0.042982183676499724,2869,Frontal_Med_Orb_R,Lingual_L
2596,25,47,26,48,0.03456653532169097,0.03456653532169097,0.03456653532169097,3279,Frontal_Med_Orb_R,Lingual_R
2597,25,48,26,49,-0.0017789997414498064,0.0017789997414498064,0.0017789997414498064,5442,Frontal_Med_Orb_R,Occipital_Sup_L
2598,25,49,26,50,-0.00678680935635131,0.00678680935635131,0.00678680935635131,5062,Frontal_Med_Orb_R,Occipital_Sup_R
2599,25,50,26,51,0.029786835758635017,0.029786835758635017,0.029786835758635017,3574,Frontal_Med_Orb_R,Occipital_Mid_L
2600,25,51,26,52,-0.030913837059160905,0.030913837059160905,0.030913837059160905,3499,Frontal_Med_Orb_R,Occipital_Mid_R
2601,25,52,26,53,0.02087436491765467,0.02087436491765467,0.02087436491765467,4120,Frontal_Med_Orb_R,Occipital_Inf_L
2602,25,53,26,54,-0.031121103081956078,0.031121103081956078,0.031121103081956078,3484,Frontal_Med_Orb_R,Occipital_Inf_R
2603,25,54,26,55,0.06497019891655573,0.06497019891655573,0.06497019891655573,2060,Frontal_Med_Orb_R,Fusiform_L
2604,25,55,26,56,-0.010283283242528269,0.010283283242528269,0.010283283242528269,4831,Frontal_Med_Orb_R,Fusiform_R
2605,25,56,26,57,0.044593117616785964,0.044593117616785964,0.044593117616785964,2801,Frontal_Med_Orb_R,Postcentral_L
2606,25,57,26,58,0.0016837533886999733,0.0016837533886999733,0.0016837533886999733,5452,Frontal_Med_Orb_R,Postcentral_R
2607,25,58,26,59,0.0005317371774123041,0.0005317371774123041,0.0005317371774123041,5916,Frontal_Med_Orb_R,Parietal_Sup_L
2608,25,59,26,60,0.000558894987997051,0.000558894987997051,0.000558894987997051,5839,Frontal_Med_Orb_R,Parietal_Sup_R
2609,25,60,26,61,0.04469051217490217,0.04469051217490217,0.04469051217490217,2797,Frontal_Med_Orb_R,Parietal_Inf_L
2610,25,61,26,62,0.00048702029370216237,0.00048702029370216237,0.00048702029370216237,6172,Frontal_Med_Orb_R,Parietal_Inf_R
2611,25,62,26,63,0.0005202571611787828,0.0005202571611787828,0.0005202571611787828,5958,Frontal_Med_Orb_R,SupraMarginal_L
2612,25,63,26,64,0.0111791933215924,0.0111791933215924,0.0111791933215924,4776,Frontal_Med_Orb_R,SupraMarginal_R
2613,25,64,26,65,-0.058041073168189246,0.058041073168189246,0.058041073168189246,2295,Frontal_Med_Orb_R,Angular_L
2614,25,65,26,66,0.0008544247567185642,0.0008544247567185642,0.0008544247567185642,5599,Frontal_Med_Orb_R,Angular_R
2615,25,66,26,67,0.13478776688478517,0.13478776688478517,0.13478776688478517,773,Frontal_Med_Orb_R,Precuneus_L
2616,25,67,26,68,0.10335231480680808,0.10335231480680808,0.10335231480680808,1187,Frontal_Med_Orb_R,Precuneus_R
2617,25,68,26,69,-0.11234213699009495,0.11234213699009495,0.11234213699009495,1051,Frontal_Med_Orb_R,Paracentral_Lobule_L
2618,25,69,26,70,-0.01147098322409548,0.01147098322409548,0.01147098322409548,4759,Frontal_Med_Orb_R,Paracentral_Lobule_R
2619,25,70,26,71,0.1282347711454733,0.1282347711454733,0.1282347711454733,843,Frontal_Med_Orb_R,Caudate_L
2620,25,71,26,72,0.05240698317693873,0.05240698317693873,0.05240698317693873,2491,Frontal_Med_Orb_R,Caudate_R
2621,25,72,26,73,0.18280434318409322,0.18280434318409322,0.18280434318409322,392,Frontal_Med_Orb_R,Putamen_L
2622,25,73,26,74,0.2426520079127412,0.2426520079127412,0.2426520079127412,172,Frontal_Med_Orb_R,Putamen_R
2623,25,74,26,75,0.22715725624205715,0.22715725624205715,0.22715725624205715,222,Frontal_Med_Orb_R,Pallidum_L
2624,25,75,26,76,-0.05708472918465079,0.05708472918465079,0.05708472918465079,2334,Frontal_Med_Orb_R,Pallidum_R
2625,25,76,26,77,0.21060621201382754,0.21060621201382754,0.21060621201382754,271,Frontal_Med_Orb_R,Thalamus_L
2626,25,77,26,78,0.17879139174547826,0.17879139174547826,0.17879139174547826,413,Frontal_Med_Orb_R,Thalamus_R
2627,25,78,26,79,0.0034331727542234363,0.0034331727542234363,0.0034331727542234363,5320,Frontal_Med_Orb_R,Heschl_L
2628,25,79,26,80,0.07264225520963362,0.07264225520963362,0.07264225520963362,1834,Frontal_Med_Orb_R,Heschl_R
2629,25,80,26,81,0.008004708249156518,0.008004708249156518,0.008004708249156518,4990,Frontal_Med_Orb_R,Temporal_Sup_L
2630,25,81,26,82,-0.09418997116468808,0.09418997116468808,0.09418997116468808,1359,Frontal_Med_Orb_R,Temporal_Sup_R
2631,25,82,26,83,0.06585244365803462,0.06585244365803462,0.06585244365803462,2042,Frontal_Med_Orb_R,Temporal_Pole_Sup_L
2632,25,83,26,84,0.027035973759823705,0.027035973759823705,0.027035973759823705,3731,Frontal_Med_Orb_R,Temporal_Pole_Sup_R
2633,25,84,26,85,0.044483592743762915,0.044483592743762915,0.044483592743762915,2806,Frontal_Med_Orb_R,Temporal_Mid_L
2634,25,85,26,86,-0.18953539654331888,0.18953539654331888,0.18953539654331888,365,Frontal_Med_Orb_R,Temporal_Mid_R
2635,25,86,26,87,-0.006507095704157014,0.006507095704157014,0.006507095704157014,5088,Frontal_Med_Orb_R,Temporal_Pole_Mid_L
2636,25,87,26,88,0.051619174458647124,0.051619174458647124,0.051619174458647124,2522,Frontal_Med_Orb_R,Temporal_Pole_Mid_R
2637,25,88,26,89,-0.08050069234585669,0.08050069234585669,0.08050069234585669,1638,Frontal_Med_Orb_R,Temporal_Inf_L
2638,25,89,26,90,-0.25339403405017097,0.25339403405017097,0.25339403405017097,142,Frontal_Med_Orb_R,Temporal_Inf_R
2639,25,90,26,91,0.01769205270770498,0.01769205270770498,0.01769205270770498,4296,Frontal_Med_Orb_R,Cerebelum_Crus1_L
2640,25,91,26,92,0.17839183216756213,0.17839183216756213,0.17839183216756213,417,Frontal_Med_Orb_R,Cerebelum_Crus1_R
2641,25,92,26,93,0.0071637625429559005,0.0071637625429559005,0.0071637625429559005,5041,Frontal_Med_Orb_R,Cerebelum_Crus2_L
2642,25,93,26,94,0.061896899305887744,0.061896899305887744,0.061896899305887744,2161,Frontal_Med_Orb_R,Cerebelum_Crus2_R
2643,25,94,26,95,0.13276048547160405,0.13276048547160405,0.13276048547160405,794,Frontal_Med_Orb_R,Cerebelum_3_L
2644,25,95,26,96,-0.07932892069520492,0.07932892069520492,0.07932892069520492,1669,Frontal_Med_Orb_R,Cerebelum_3_R
2645,25,96,26,97,-0.029550348523961725,0.029550348523961725,0.029550348523961725,3588,Frontal_Med_Orb_R,Cerebelum_4_5_L
2646,25,97,26,98,0.007990307352233121,0.007990307352233121,0.007990307352233121,4992,Frontal_Med_Orb_R,Cerebelum_4_5_R
2647,25,98,26,99,0.26889013961918284,0.26889013961918284,0.26889013961918284,115,Frontal_Med_Orb_R,Cerebelum_6_L
2648,25,99,26,100,0.1957339012504126,0.1957339012504126,0.1957339012504126,322,Frontal_Med_Orb_R,Cerebelum_6_R
2649,25,100,26,101,-0.061997854802115476,0.061997854802115476,0.061997854802115476,2157,Frontal_Med_Orb_R,Cerebelum_7b_L
2650,25,101,26,102,-0.020661798857151976,0.020661798857151976,0.020661798857151976,4128,Frontal_Med_Orb_R,Cerebelum_7b_R
2651,25,102,26,103,0.07055697606237162,0.07055697606237162,0.07055697606237162,1890,Frontal_Med_Orb_R,Cerebelum_8_L
2652,25,103,26,104,0.17205452698203924,0.17205452698203924,0.17205452698203924,460,Frontal_Med_Orb_R,Cerebelum_8_R
2653,25,104,26,105,0.10299434468196948,0.10299434468196948,0.10299434468196948,1196,Frontal_Med_Orb_R,Cerebelum_9_L
2654,25,105,26,106,0.18509583916031688,0.18509583916031688,0.18509583916031688,383,Frontal_Med_Orb_R,Cerebelum_9_R
2655,25,106,26,107,0.20594307346387605,0.20594307346387605,0.20594307346387605,283,Frontal_Med_Orb_R,Cerebelum_10_L
2656,25,107,26,108,0.2608992005557815,0.2608992005557815,0.2608992005557815,126,Frontal_Med_Orb_R,Cerebelum_10_R
2657,25,108,26,109,0.008122268345834948,0.008122268345834948,0.008122268345834948,4984,Frontal_Med_Orb_R,Vermis_1_2
2658,25,109,26,110,0.014941905185791398,0.014941905185791398,0.014941905185791398,4480,Frontal_Med_Orb_R,Vermis_3
2659,25,110,26,111,0.03995367740539054,0.03995367740539054,0.03995367740539054,3031,Frontal_Med_Orb_R,Vermis_4_5
2660,25,111,26,112,0.08381870853720225,0.08381870853720225,0.08381870853720225,1566,Frontal_Med_Orb_R,Vermis_6
2661,25,112,26,113,0.028699898517251497,0.028699898517251497,0.028699898517251497,3624,Frontal_Med_Orb_R,Vermis_7
2662,25,113,26,114,0.01282712836868015,0.01282712836868015,0.01282712836868015,4644,Frontal_Med_Orb_R,Vermis_8
2663,25,114,26,115,0.059603616447218864,0.059603616447218864,0.059603616447218864,2240,Frontal_Med_Orb_R,Vermis_9
2664,25,115,26,116,0.12998727336365865,0.12998727336365865,0.12998727336365865,823,Frontal_Med_Orb_R,Vermis_10
2665,26,27,27,28,0.0690561478600274,0.0690561478600274,0.0690561478600274,1930,Rectus_L,Rectus_R
2666,26,28,27,29,-0.003762425104184759,0.003762425104184759,0.003762425104184759,5297,Rectus_L,Insula_L
2667,26,29,27,30,-0.1128548976447102,0.1128548976447102,0.1128548976447102,1042,Rectus_L,Insula_R
2668,26,30,27,31,0.14012993521319458,0.14012993521319458,0.14012993521319458,728,Rectus_L,Cingulum_Ant_L
2669,26,31,27,32,0.158569868796176,0.158569868796176,0.158569868796176,543,Rectus_L,Cingulum_Ant_R
2670,26,32,27,33,0.07596420292713343,0.07596420292713343,0.07596420292713343,1760,Rectus_L,Cingulum_Mid_L
2671,26,33,27,34,-0.019735497554613967,0.019735497554613967,0.019735497554613967,4180,Rectus_L,Cingulum_Mid_R
2672,26,34,27,35,0.027204331386934136,0.027204331386934136,0.027204331386934136,3724,Rectus_L,Cingulum_Post_L
2673,26,35,27,36,0.012923709148201065,0.012923709148201065,0.012923709148201065,4636,Rectus_L,Cingulum_Post_R
2674,26,36,27,37,-0.0005083318367202467,0.0005083318367202467,0.0005083318367202467,6034,Rectus_L,Hippocampus_L
2675,26,37,27,38,0.0875377071170081,0.0875377071170081,0.0875377071170081,1489,Rectus_L,Hippocampus_R
2676,26,38,27,39,-0.041386901920987304,0.041386901920987304,0.041386901920987304,2947,Rectus_L,ParaHippocampal_L
2677,26,39,27,40,-0.06403357651867118,0.06403357651867118,0.06403357651867118,2093,Rectus_L,ParaHippocampal_R
2678,26,40,27,41,0.03176764862312407,0.03176764862312407,0.03176764862312407,3447,Rectus_L,Amygdala_L
2679,26,41,27,42,-0.14682626818988254,0.14682626818988254,0.14682626818988254,653,Rectus_L,Amygdala_R
2680,26,42,27,43,-0.015707217380448706,0.015707217380448706,0.015707217380448706,4437,Rectus_L,Calcarine_L
2681,26,43,27,44,-0.011657190591086422,0.011657190591086422,0.011657190591086422,4739,Rectus_L,Calcarine_R
2682,26,44,27,45,-0.01833803265305062,0.01833803265305062,0.01833803265305062,4261,Rectus_L,Cuneus_L
2683,26,45,27,46,-0.023238313571832613,0.023238313571832613,0.023238313571832613,3956,Rectus_L,Cuneus_R
2684,26,46,27,47,-0.004398795424876892,0.004398795424876892,0.004398795424876892,5240,Rectus_L,Lingual_L
2685,26,47,27,48,0.013960438683939818,0.013960438683939818,0.013960438683939818,4551,Rectus_L,Lingual_R
2686,26,48,27,49,-0.034199439786118266,0.034199439786118266,0.034199439786118266,3296,Rectus_L,Occipital_Sup_L
2687,26,49,27,50,-0.04101703268681035,0.04101703268681035,0.04101703268681035,2973,Rectus_L,Occipital_Sup_R
2688,26,50,27,51,-0.008958184051073244,0.008958184051073244,0.008958184051073244,4919,Rectus_L,Occipital_Mid_L
2689,26,51,27,52,-0.0768737237773268,0.0768737237773268,0.0768737237773268,1735,Rectus_L,Occipital_Mid_R
2690,26,52,27,53,-0.03253012613822418,0.03253012613822418,0.03253012613822418,3403,Rectus_L,Occipital_Inf_L
2691,26,53,27,54,-0.06611676650684023,0.06611676650684023,0.06611676650684023,2035,Rectus_L,Occipital_Inf_R
2692,26,54,27,55,0.04579961635155051,0.04579961635155051,0.04579961635155051,2750,Rectus_L,Fusiform_L
2693,26,55,27,56,0.02285957767536475,0.02285957767536475,0.02285957767536475,3990,Rectus_L,Fusiform_R
2694,26,56,27,57,-0.0016480105562234153,0.0016480105562234153,0.0016480105562234153,5458,Rectus_L,Postcentral_L
2695,26,57,27,58,0.007250587517393665,0.007250587517393665,0.007250587517393665,5034,Rectus_L,Postcentral_R
2696,26,58,27,59,0.0005415615735675086,0.0005415615735675086,0.0005415615735675086,5891,Rectus_L,Parietal_Sup_L
2697,26,59,27,60,0.0005391688013847507,0.0005391688013847507,0.0005391688013847507,5892,Rectus_L,Parietal_Sup_R
2698,26,60,27,61,0.1605163768580957,0.1605163768580957,0.1605163768580957,525,Rectus_L,Parietal_Inf_L
2699,26,61,27,62,0.0004997090130169821,0.0004997090130169821,0.0004997090130169821,6091,Rectus_L,Parietal_Inf_R
2700,26,62,27,63,0.0005002512168623615,0.0005002512168623615,0.0005002512168623615,6087,Rectus_L,SupraMarginal_L
2701,26,63,27,64,-0.11011204626030435,0.11011204626030435,0.11011204626030435,1086,Rectus_L,SupraMarginal_R
2702,26,64,27,65,0.03664343445067359,0.03664343445067359,0.03664343445067359,3174,Rectus_L,Angular_L
2703,26,65,27,66,0.000882578838789366,0.000882578838789366,0.000882578838789366,5528,Rectus_L,Angular_R
2704,26,66,27,67,0.05992126060853543,0.05992126060853543,0.05992126060853543,2231,Rectus_L,Precuneus_L
2705,26,67,27,68,0.05147862814219289,0.05147862814219289,0.05147862814219289,2526,Rectus_L,Precuneus_R
2706,26,68,27,69,-0.08487049084107415,0.08487049084107415,0.08487049084107415,1547,Rectus_L,Paracentral_Lobule_L
2707,26,69,27,70,-0.048031718944524605,0.048031718944524605,0.048031718944524605,2658,Rectus_L,Paracentral_Lobule_R
2708,26,70,27,71,0.14622070443854338,0.14622070443854338,0.14622070443854338,662,Rectus_L,Caudate_L
2709,26,71,27,72,0.09562097501883417,0.09562097501883417,0.09562097501883417,1325,Rectus_L,Caudate_R
2710,26,72,27,73,0.05398641720087096,0.05398641720087096,0.05398641720087096,2434,Rectus_L,Putamen_L
2711,26,73,27,74,0.04498982597207324,0.04498982597207324,0.04498982597207324,2782,Rectus_L,Putamen_R
2712,26,74,27,75,-0.062483770692214856,0.062483770692214856,0.062483770692214856,2139,Rectus_L,Pallidum_L
2713,26,75,27,76,-0.14095552280630225,0.14095552280630225,0.14095552280630225,717,Rectus_L,Pallidum_R
2714,26,76,27,77,0.04479049568027499,0.04479049568027499,0.04479049568027499,2792,Rectus_L,Thalamus_L
2715,26,77,27,78,0.13642074385665404,0.13642074385665404,0.13642074385665404,759,Rectus_L,Thalamus_R
2716,26,78,27,79,-0.028025655846462508,0.028025655846462508,0.028025655846462508,3668,Rectus_L,Heschl_L
2717,26,79,27,80,0.022947559481135804,0.022947559481135804,0.022947559481135804,3981,Rectus_L,Heschl_R
2718,26,80,27,81,0.009647897756353552,0.009647897756353552,0.009647897756353552,4875,Rectus_L,Temporal_Sup_L
2719,26,81,27,82,0.06695521308072322,0.06695521308072322,0.06695521308072322,2002,Rectus_L,Temporal_Sup_R
2720,26,82,27,83,-0.15981586693325264,0.15981586693325264,0.15981586693325264,531,Rectus_L,Temporal_Pole_Sup_L
2721,26,83,27,84,-0.020635916126175574,0.020635916126175574,0.020635916126175574,4130,Rectus_L,Temporal_Pole_Sup_R
2722,26,84,27,85,0.003877956393798471,0.003877956393798471,0.003877956393798471,5288,Rectus_L,Temporal_Mid_L
2723,26,85,27,86,0.034451646771581516,0.034451646771581516,0.034451646771581516,3285,Rectus_L,Temporal_Mid_R
2724,26,86,27,87,-0.15552903237873103,0.15552903237873103,0.15552903237873103,564,Rectus_L,Temporal_Pole_Mid_L
2725,26,87,27,88,0.009413327105029633,0.009413327105029633,0.009413327105029633,4893,Rectus_L,Temporal_Pole_Mid_R
2726,26,88,27,89,0.057927742875273476,0.057927742875273476,0.057927742875273476,2302,Rectus_L,Temporal_Inf_L
2727,26,89,27,90,-0.11759192440708403,0.11759192440708403,0.11759192440708403,968,Rectus_L,Temporal_Inf_R
2728,26,90,27,91,-0.05654707596954821,0.05654707596954821,0.05654707596954821,2346,Rectus_L,Cerebelum_Crus1_L
2729,26,91,27,92,0.12023875357108138,0.12023875357108138,0.12023875357108138,936,Rectus_L,Cerebelum_Crus1_R
2730,26,92,27,93,0.013208845327147764,0.013208845327147764,0.013208845327147764,4621,Rectus_L,Cerebelum_Crus2_L
2731,26,93,27,94,0.2963419994411954,0.2963419994411954,0.2963419994411954,79,Rectus_L,Cerebelum_Crus2_R
2732,26,94,27,95,0.11373621925354255,0.11373621925354255,0.11373621925354255,1026,Rectus_L,Cerebelum_3_L
2733,26,95,27,96,-0.004910738200928489,0.004910738200928489,0.004910738200928489,5205,Rectus_L,Cerebelum_3_R
2734,26,96,27,97,-0.14086184335266336,0.14086184335266336,0.14086184335266336,720,Rectus_L,Cerebelum_4_5_L
2735,26,97,27,98,-0.09142737587746579,0.09142737587746579,0.09142737587746579,1414,Rectus_L,Cerebelum_4_5_R
2736,26,98,27,99,-0.09722655234029118,0.09722655234029118,0.09722655234029118,1296,Rectus_L,Cerebelum_6_L
2737,26,99,27,100,-0.03756832080966377,0.03756832080966377,0.03756832080966377,3131,Rectus_L,Cerebelum_6_R
2738,26,100,27,101,-0.1170161848111449,0.1170161848111449,0.1170161848111449,977,Rectus_L,Cerebelum_7b_L
2739,26,101,27,102,0.09741105010176823,0.09741105010176823,0.09741105010176823,1293,Rectus_L,Cerebelum_7b_R
2740,26,102,27,103,0.0300914864411172,0.0300914864411172,0.0300914864411172,3555,Rectus_L,Cerebelum_8_L
2741,26,103,27,104,0.01180127311050451,0.01180127311050451,0.01180127311050451,4729,Rectus_L,Cerebelum_8_R
2742,26,104,27,105,-0.004241681675478652,0.004241681675478652,0.004241681675478652,5252,Rectus_L,Cerebelum_9_L
2743,26,105,27,106,0.16902406382608542,0.16902406382608542,0.16902406382608542,473,Rectus_L,Cerebelum_9_R
2744,26,106,27,107,-0.0067260854333441745,0.0067260854333441745,0.0067260854333441745,5068,Rectus_L,Cerebelum_10_L
2745,26,107,27,108,-0.1490294483400204,0.1490294483400204,0.1490294483400204,629,Rectus_L,Cerebelum_10_R
2746,26,108,27,109,-0.011599863628812544,0.011599863628812544,0.011599863628812544,4744,Rectus_L,Vermis_1_2
2747,26,109,27,110,0.021449475808185892,0.021449475808185892,0.021449475808185892,4089,Rectus_L,Vermis_3
2748,26,110,27,111,0.035967991222696304,0.035967991222696304,0.035967991222696304,3205,Rectus_L,Vermis_4_5
2749,26,111,27,112,-0.03224909625623314,0.03224909625623314,0.03224909625623314,3418,Rectus_L,Vermis_6
2750,26,112,27,113,-0.02249882381633567,0.02249882381633567,0.02249882381633567,4017,Rectus_L,Vermis_7
2751,26,113,27,114,-0.01624439662542917,0.01624439662542917,0.01624439662542917,4396,Rectus_L,Vermis_8
2752,26,114,27,115,0.032027994272074575,0.032027994272074575,0.032027994272074575,3432,Rectus_L,Vermis_9
2753,26,115,27,116,-0.0013823224599209222,0.0013823224599209222,0.0013823224599209222,5477,Rectus_L,Vermis_10
2754,27,28,28,29,0.15683554401398772,0.15683554401398772,0.15683554401398772,554,Rectus_R,Insula_L
2755,27,29,28,30,-0.08194316525466386,0.08194316525466386,0.08194316525466386,1610,Rectus_R,Insula_R
2756,27,30,28,31,0.058159847889874675,0.058159847889874675,0.058159847889874675,2289,Rectus_R,Cingulum_Ant_L
2757,27,31,28,32,-0.034754950120435314,0.034754950120435314,0.034754950120435314,3268,Rectus_R,Cingulum_Ant_R
2758,27,32,28,33,0.09138996637509082,0.09138996637509082,0.09138996637509082,1415,Rectus_R,Cingulum_Mid_L
2759,27,33,28,34,0.03633415669470336,0.03633415669470336,0.03633415669470336,3185,Rectus_R,Cingulum_Mid_R
2760,27,34,28,35,-0.04696719837407043,0.04696719837407043,0.04696719837407043,2709,Rectus_R,Cingulum_Post_L
2761,27,35,28,36,-0.06295225852556971,0.06295225852556971,0.06295225852556971,2127,Rectus_R,Cingulum_Post_R
2762,27,36,28,37,-0.11752876153611931,0.11752876153611931,0.11752876153611931,970,Rectus_R,Hippocampus_L
2763,27,37,28,38,-0.05820102924039012,0.05820102924039012,0.05820102924039012,2287,Rectus_R,Hippocampus_R
2764,27,38,28,39,-0.0166522709710585,0.0166522709710585,0.0166522709710585,4362,Rectus_R,ParaHippocampal_L
2765,27,39,28,40,0.10384193736048596,0.10384193736048596,0.10384193736048596,1174,Rectus_R,ParaHippocampal_R
2766,27,40,28,41,0.028091693158501522,0.028091693158501522,0.028091693158501522,3666,Rectus_R,Amygdala_L
2767,27,41,28,42,0.003986326987568358,0.003986326987568358,0.003986326987568358,5277,Rectus_R,Amygdala_R
2768,27,42,28,43,-0.013176351862955621,0.013176351862955621,0.013176351862955621,4622,Rectus_R,Calcarine_L
2769,27,43,28,44,-0.01980742533274383,0.01980742533274383,0.01980742533274383,4175,Rectus_R,Calcarine_R
2770,27,44,28,45,-0.025216504084405834,0.025216504084405834,0.025216504084405834,3834,Rectus_R,Cuneus_L
2771,27,45,28,46,-0.06269538792711961,0.06269538792711961,0.06269538792711961,2134,Rectus_R,Cuneus_R
2772,27,46,28,47,0.001055083099657605,0.001055083099657605,0.001055083099657605,5497,Rectus_R,Lingual_L
2773,27,47,28,48,-0.027501292075698704,0.027501292075698704,0.027501292075698704,3703,Rectus_R,Lingual_R
2774,27,48,28,49,-0.050073577809954646,0.050073577809954646,0.050073577809954646,2590,Rectus_R,Occipital_Sup_L
2775,27,49,28,50,-0.05629896891430863,0.05629896891430863,0.05629896891430863,2360,Rectus_R,Occipital_Sup_R
2776,27,50,28,51,-0.030424040107969712,0.030424040107969712,0.030424040107969712,3535,Rectus_R,Occipital_Mid_L
2777,27,51,28,52,-0.09021732546936599,0.09021732546936599,0.09021732546936599,1434,Rectus_R,Occipital_Mid_R
2778,27,52,28,53,-0.06868628657560907,0.06868628657560907,0.06868628657560907,1939,Rectus_R,Occipital_Inf_L
2779,27,53,28,54,-0.08380744892601248,0.08380744892601248,0.08380744892601248,1567,Rectus_R,Occipital_Inf_R
2780,27,54,28,55,0.02730398775927197,0.02730398775927197,0.02730398775927197,3718,Rectus_R,Fusiform_L
2781,27,55,28,56,0.005254491784217121,0.005254491784217121,0.005254491784217121,5176,Rectus_R,Fusiform_R
2782,27,56,28,57,0.10228266719629953,0.10228266719629953,0.10228266719629953,1207,Rectus_R,Postcentral_L
2783,27,57,28,58,0.06969591716860854,0.06969591716860854,0.06969591716860854,1914,Rectus_R,Postcentral_R
2784,27,58,28,59,0.0005387302936503024,0.0005387302936503024,0.0005387302936503024,5894,Rectus_R,Parietal_Sup_L
2785,27,59,28,60,0.0005498945127117065,0.0005498945127117065,0.0005498945127117065,5868,Rectus_R,Parietal_Sup_R
2786,27,60,28,61,0.1396568503700242,0.1396568503700242,0.1396568503700242,733,Rectus_R,Parietal_Inf_L
2787,27,61,28,62,0.0004885284208231048,0.0004885284208231048,0.0004885284208231048,6159,Rectus_R,Parietal_Inf_R
2788,27,62,28,63,0.0005145469394407577,0.0005145469394407577,0.0005145469394407577,5994,Rectus_R,SupraMarginal_L
2789,27,63,28,64,-0.14286862922993795,0.14286862922993795,0.14286862922993795,703,Rectus_R,SupraMarginal_R
2790,27,64,28,65,0.18760266540772358,0.18760266540772358,0.18760266540772358,376,Rectus_R,Angular_L
2791,27,65,28,66,0.0008644604630324097,0.0008644604630324097,0.0008644604630324097,5579,Rectus_R,Angular_R
2792,27,66,28,67,0.00545086764673308,0.00545086764673308,0.00545086764673308,5159,Rectus_R,Precuneus_L
2793,27,67,28,68,-0.06415428428218668,0.06415428428218668,0.06415428428218668,2089,Rectus_R,Precuneus_R
2794,27,68,28,69,-7.086916418493666e-05,7.086916418493666e-05,7.086916418493666e-05,6665,Rectus_R,Paracentral_Lobule_L
2795,27,69,28,70,0.07196405970248425,0.07196405970248425,0.07196405970248425,1851,Rectus_R,Paracentral_Lobule_R
2796,27,70,28,71,0.15077776353934075,0.15077776353934075,0.15077776353934075,616,Rectus_R,Caudate_L
2797,27,71,28,72,0.14542125283652357,0.14542125283652357,0.14542125283652357,669,Rectus_R,Caudate_R
2798,27,72,28,73,-0.06361600238496679,0.06361600238496679,0.06361600238496679,2111,Rectus_R,Putamen_L
2799,27,73,28,74,0.00030390650720580795,0.00030390650720580795,0.00030390650720580795,6643,Rectus_R,Putamen_R
2800,27,74,28,75,-0.08476003963321109,0.08476003963321109,0.08476003963321109,1548,Rectus_R,Pallidum_L
2801,27,75,28,76,-0.11483236659725858,0.11483236659725858,0.11483236659725858,1011,Rectus_R,Pallidum_R
2802,27,76,28,77,-0.23656731630920966,0.23656731630920966,0.23656731630920966,194,Rectus_R,Thalamus_L
2803,27,77,28,78,-0.07431898541540644,0.07431898541540644,0.07431898541540644,1796,Rectus_R,Thalamus_R
2804,27,78,28,79,0.012142303427803345,0.012142303427803345,0.012142303427803345,4703,Rectus_R,Heschl_L
2805,27,79,28,80,0.02569974460400872,0.02569974460400872,0.02569974460400872,3808,Rectus_R,Heschl_R
2806,27,80,28,81,0.09662318763519835,0.09662318763519835,0.09662318763519835,1304,Rectus_R,Temporal_Sup_L
2807,27,81,28,82,0.0410181851846201,0.0410181851846201,0.0410181851846201,2972,Rectus_R,Temporal_Sup_R
2808,27,82,28,83,-0.019012131138629658,0.019012131138629658,0.019012131138629658,4224,Rectus_R,Temporal_Pole_Sup_L
2809,27,83,28,84,0.07850523620416688,0.07850523620416688,0.07850523620416688,1691,Rectus_R,Temporal_Pole_Sup_R
2810,27,84,28,85,0.19557716131520778,0.19557716131520778,0.19557716131520778,325,Rectus_R,Temporal_Mid_L
2811,27,85,28,86,0.020562029694285097,0.020562029694285097,0.020562029694285097,4136,Rectus_R,Temporal_Mid_R
2812,27,86,28,87,-0.12537178604073063,0.12537178604073063,0.12537178604073063,871,Rectus_R,Temporal_Pole_Mid_L
2813,27,87,28,88,0.2185202329771321,0.2185202329771321,0.2185202329771321,247,Rectus_R,Temporal_Pole_Mid_R
2814,27,88,28,89,0.11346194594099134,0.11346194594099134,0.11346194594099134,1028,Rectus_R,Temporal_Inf_L
2815,27,89,28,90,-0.03341586074882636,0.03341586074882636,0.03341586074882636,3346,Rectus_R,Temporal_Inf_R
2816,27,90,28,91,-0.05898525371436168,0.05898525371436168,0.05898525371436168,2261,Rectus_R,Cerebelum_Crus1_L
2817,27,91,28,92,0.1965712386653349,0.1965712386653349,0.1965712386653349,317,Rectus_R,Cerebelum_Crus1_R
2818,27,92,28,93,0.015870798573715938,0.015870798573715938,0.015870798573715938,4425,Rectus_R,Cerebelum_Crus2_L
2819,27,93,28,94,0.33303596876502495,0.33303596876502495,0.33303596876502495,44,Rectus_R,Cerebelum_Crus2_R
2820,27,94,28,95,-0.07069387111653147,0.07069387111653147,0.07069387111653147,1889,Rectus_R,Cerebelum_3_L
2821,27,95,28,96,-0.24161673549355198,0.24161673549355198,0.24161673549355198,178,Rectus_R,Cerebelum_3_R
2822,27,96,28,97,0.05108171345506566,0.05108171345506566,0.05108171345506566,2543,Rectus_R,Cerebelum_4_5_L
2823,27,97,28,98,0.07741068722610159,0.07741068722610159,0.07741068722610159,1719,Rectus_R,Cerebelum_4_5_R
2824,27,98,28,99,-0.0029662369944234257,0.0029662369944234257,0.0029662369944234257,5359,Rectus_R,Cerebelum_6_L
2825,27,99,28,100,0.07072428963359491,0.07072428963359491,0.07072428963359491,1888,Rectus_R,Cerebelum_6_R
2826,27,100,28,101,-0.16705229380514514,0.16705229380514514,0.16705229380514514,483,Rectus_R,Cerebelum_7b_L
2827,27,101,28,102,0.006090012800779029,0.006090012800779029,0.006090012800779029,5112,Rectus_R,Cerebelum_7b_R
2828,27,102,28,103,-0.15879692238274234,0.15879692238274234,0.15879692238274234,540,Rectus_R,Cerebelum_8_L
2829,27,103,28,104,0.03280465778260418,0.03280465778260418,0.03280465778260418,3384,Rectus_R,Cerebelum_8_R
2830,27,104,28,105,-0.06907492400614834,0.06907492400614834,0.06907492400614834,1928,Rectus_R,Cerebelum_9_L
2831,27,105,28,106,0.08569179682522067,0.08569179682522067,0.08569179682522067,1528,Rectus_R,Cerebelum_9_R
2832,27,106,28,107,-0.3086633326772246,0.3086633326772246,0.3086633326772246,67,Rectus_R,Cerebelum_10_L
2833,27,107,28,108,-0.0024752863337146164,0.0024752863337146164,0.0024752863337146164,5388,Rectus_R,Cerebelum_10_R
2834,27,108,28,109,0.04707450970558577,0.04707450970558577,0.04707450970558577,2699,Rectus_R,Vermis_1_2
2835,27,109,28,110,-0.012578521219195084,0.012578521219195084,0.012578521219195084,4667,Rectus_R,Vermis_3
2836,27,110,28,111,-0.01431212006968292,0.01431212006968292,0.01431212006968292,4530,Rectus_R,Vermis_4_5
2837,27,111,28,112,0.060242702556345,0.060242702556345,0.060242702556345,2222,Rectus_R,Vermis_6
2838,27,112,28,113,0.06702583423565812,0.06702583423565812,0.06702583423565812,1997,Rectus_R,Vermis_7
2839,27,113,28,114,-0.10623748426004828,0.10623748426004828,0.10623748426004828,1140,Rectus_R,Vermis_8
2840,27,114,28,115,-0.09955817291457235,0.09955817291457235,0.09955817291457235,1254,Rectus_R,Vermis_9
2841,27,115,28,116,-0.003515683792684832,0.003515683792684832,0.003515683792684832,5317,Rectus_R,Vermis_10
2842,28,29,29,30,-0.05430299339238127,0.05430299339238127,0.05430299339238127,2422,Insula_L,Insula_R
2843,28,30,29,31,0.20547090192757891,0.20547090192757891,0.20547090192757891,286,Insula_L,Cingulum_Ant_L
2844,28,31,29,32,0.1237047269133814,0.1237047269133814,0.1237047269133814,891,Insula_L,Cingulum_Ant_R
2845,28,32,29,33,0.040632371891980615,0.040632371891980615,0.040632371891980615,2997,Insula_L,Cingulum_Mid_L
2846,28,33,29,34,-0.012303917945367232,0.012303917945367232,0.012303917945367232,4692,Insula_L,Cingulum_Mid_R
2847,28,34,29,35,0.08129739918476843,0.08129739918476843,0.08129739918476843,1621,Insula_L,Cingulum_Post_L
2848,28,35,29,36,0.037543817331781526,0.037543817331781526,0.037543817331781526,3133,Insula_L,Cingulum_Post_R
2849,28,36,29,37,-0.057516095823663946,0.057516095823663946,0.057516095823663946,2317,Insula_L,Hippocampus_L
2850,28,37,29,38,0.003529276966706831,0.003529276966706831,0.003529276966706831,5315,Insula_L,Hippocampus_R
2851,28,38,29,39,0.02963882041326941,0.02963882041326941,0.02963882041326941,3583,Insula_L,ParaHippocampal_L
2852,28,39,29,40,0.00973964191284925,0.00973964191284925,0.00973964191284925,4866,Insula_L,ParaHippocampal_R
2853,28,40,29,41,-0.07551481581573717,0.07551481581573717,0.07551481581573717,1770,Insula_L,Amygdala_L
2854,28,41,29,42,-0.0685371649902127,0.0685371649902127,0.0685371649902127,1943,Insula_L,Amygdala_R
2855,28,42,29,43,0.00242101514640245,0.00242101514640245,0.00242101514640245,5392,Insula_L,Calcarine_L
2856,28,43,29,44,0.008766508305972658,0.008766508305972658,0.008766508305972658,4932,Insula_L,Calcarine_R
2857,28,44,29,45,0.03621631198141744,0.03621631198141744,0.03621631198141744,3191,Insula_L,Cuneus_L
2858,28,45,29,46,0.035004194207705244,0.035004194207705244,0.035004194207705244,3255,Insula_L,Cuneus_R
2859,28,46,29,47,0.022103625073991513,0.022103625073991513,0.022103625073991513,4043,Insula_L,Lingual_L
2860,28,47,29,48,0.008946304186450517,0.008946304186450517,0.008946304186450517,4920,Insula_L,Lingual_R
2861,28,48,29,49,0.07962820848745258,0.07962820848745258,0.07962820848745258,1664,Insula_L,Occipital_Sup_L
2862,28,49,29,50,-0.021911064904722322,0.021911064904722322,0.021911064904722322,4055,Insula_L,Occipital_Sup_R
2863,28,50,29,51,0.03505680079093512,0.03505680079093512,0.03505680079093512,3248,Insula_L,Occipital_Mid_L
2864,28,51,29,52,0.056730462637108146,0.056730462637108146,0.056730462637108146,2344,Insula_L,Occipital_Mid_R
2865,28,52,29,53,0.015980434885303086,0.015980434885303086,0.015980434885303086,4415,Insula_L,Occipital_Inf_L
2866,28,53,29,54,-0.04119177423765929,0.04119177423765929,0.04119177423765929,2964,Insula_L,Occipital_Inf_R
2867,28,54,29,55,-0.061388849806212044,0.061388849806212044,0.061388849806212044,2187,Insula_L,Fusiform_L
2868,28,55,29,56,0.0018105809106179309,0.0018105809106179309,0.0018105809106179309,5437,Insula_L,Fusiform_R
2869,28,56,29,57,-0.0181283118739594,0.0181283118739594,0.0181283118739594,4271,Insula_L,Postcentral_L
2870,28,57,29,58,-0.05267480641297637,0.05267480641297637,0.05267480641297637,2476,Insula_L,Postcentral_R
2871,28,58,29,59,0.0005074171132701432,0.0005074171132701432,0.0005074171132701432,6043,Insula_L,Parietal_Sup_L
2872,28,59,29,60,0.0005561248422205175,0.0005561248422205175,0.0005561248422205175,5849,Insula_L,Parietal_Sup_R
2873,28,60,29,61,0.12755415917926985,0.12755415917926985,0.12755415917926985,852,Insula_L,Parietal_Inf_L
2874,28,61,29,62,0.0004756203356474963,0.0004756203356474963,0.0004756203356474963,6299,Insula_L,Parietal_Inf_R
2875,28,62,29,63,0.0005187086402371106,0.0005187086402371106,0.0005187086402371106,5967,Insula_L,SupraMarginal_L
2876,28,63,29,64,-0.08009811211404054,0.08009811211404054,0.08009811211404054,1656,Insula_L,SupraMarginal_R
2877,28,64,29,65,0.23547734285722866,0.23547734285722866,0.23547734285722866,202,Insula_L,Angular_L
2878,28,65,29,66,0.0008782129742222859,0.0008782129742222859,0.0008782129742222859,5535,Insula_L,Angular_R
2879,28,66,29,67,0.10316064689794777,0.10316064689794777,0.10316064689794777,1194,Insula_L,Precuneus_L
2880,28,67,29,68,0.06948796715319787,0.06948796715319787,0.06948796715319787,1921,Insula_L,Precuneus_R
2881,28,68,29,69,-0.08512880051232136,0.08512880051232136,0.08512880051232136,1541,Insula_L,Paracentral_Lobule_L
2882,28,69,29,70,-0.009355612999262365,0.009355612999262365,0.009355612999262365,4897,Insula_L,Paracentral_Lobule_R
2883,28,70,29,71,0.19023861118003418,0.19023861118003418,0.19023861118003418,356,Insula_L,Caudate_L
2884,28,71,29,72,0.2918177205071947,0.2918177205071947,0.2918177205071947,84,Insula_L,Caudate_R
2885,28,72,29,73,0.03837701919447646,0.03837701919447646,0.03837701919447646,3103,Insula_L,Putamen_L
2886,28,73,29,74,0.035116707501213894,0.035116707501213894,0.035116707501213894,3246,Insula_L,Putamen_R
2887,28,74,29,75,-0.12320045066519301,0.12320045066519301,0.12320045066519301,898,Insula_L,Pallidum_L
2888,28,75,29,76,-0.11011833621479164,0.11011833621479164,0.11011833621479164,1085,Insula_L,Pallidum_R
2889,28,76,29,77,0.034543702338254864,0.034543702338254864,0.034543702338254864,3281,Insula_L,Thalamus_L
2890,28,77,29,78,0.09984453490647127,0.09984453490647127,0.09984453490647127,1249,Insula_L,Thalamus_R
2891,28,78,29,79,0.12436080423947334,0.12436080423947334,0.12436080423947334,884,Insula_L,Heschl_L
2892,28,79,29,80,0.09721896627944024,0.09721896627944024,0.09721896627944024,1297,Insula_L,Heschl_R
2893,28,80,29,81,-0.11193021242072629,0.11193021242072629,0.11193021242072629,1059,Insula_L,Temporal_Sup_L
2894,28,81,29,82,0.019492840084525793,0.019492840084525793,0.019492840084525793,4191,Insula_L,Temporal_Sup_R
2895,28,82,29,83,-0.07765764323025653,0.07765764323025653,0.07765764323025653,1714,Insula_L,Temporal_Pole_Sup_L
2896,28,83,29,84,0.1527731797263412,0.1527731797263412,0.1527731797263412,597,Insula_L,Temporal_Pole_Sup_R
2897,28,84,29,85,-0.024102160572763515,0.024102160572763515,0.024102160572763515,3900,Insula_L,Temporal_Mid_L
2898,28,85,29,86,0.09180998464568536,0.09180998464568536,0.09180998464568536,1406,Insula_L,Temporal_Mid_R
2899,28,86,29,87,0.04163992570800901,0.04163992570800901,0.04163992570800901,2938,Insula_L,Temporal_Pole_Mid_L
2900,28,87,29,88,-0.11333877617768386,0.11333877617768386,0.11333877617768386,1032,Insula_L,Temporal_Pole_Mid_R
2901,28,88,29,89,0.060977615785282324,0.060977615785282324,0.060977615785282324,2200,Insula_L,Temporal_Inf_L
2902,28,89,29,90,0.14685679197557214,0.14685679197557214,0.14685679197557214,650,Insula_L,Temporal_Inf_R
2903,28,90,29,91,0.19719803625058838,0.19719803625058838,0.19719803625058838,315,Insula_L,Cerebelum_Crus1_L
2904,28,91,29,92,0.02367729854175613,0.02367729854175613,0.02367729854175613,3925,Insula_L,Cerebelum_Crus1_R
2905,28,92,29,93,0.12498858730320603,0.12498858730320603,0.12498858730320603,878,Insula_L,Cerebelum_Crus2_L
2906,28,93,29,94,0.1929374773482197,0.1929374773482197,0.1929374773482197,337,Insula_L,Cerebelum_Crus2_R
2907,28,94,29,95,0.002329318356705206,0.002329318356705206,0.002329318356705206,5394,Insula_L,Cerebelum_3_L
2908,28,95,29,96,-0.15029482689785142,0.15029482689785142,0.15029482689785142,619,Insula_L,Cerebelum_3_R
2909,28,96,29,97,-0.05477731623102822,0.05477731623102822,0.05477731623102822,2410,Insula_L,Cerebelum_4_5_L
2910,28,97,29,98,-0.17968328482771537,0.17968328482771537,0.17968328482771537,409,Insula_L,Cerebelum_4_5_R
2911,28,98,29,99,0.02278535454853887,0.02278535454853887,0.02278535454853887,3996,Insula_L,Cerebelum_6_L
2912,28,99,29,100,0.07518090120588991,0.07518090120588991,0.07518090120588991,1778,Insula_L,Cerebelum_6_R
2913,28,100,29,101,0.0144692522584581,0.0144692522584581,0.0144692522584581,4513,Insula_L,Cerebelum_7b_L
2914,28,101,29,102,-0.14821088368635152,0.14821088368635152,0.14821088368635152,636,Insula_L,Cerebelum_7b_R
2915,28,102,29,103,-0.11564250313781164,0.11564250313781164,0.11564250313781164,999,Insula_L,Cerebelum_8_L
2916,28,103,29,104,-0.1899283166930018,0.1899283166930018,0.1899283166930018,359,Insula_L,Cerebelum_8_R
2917,28,104,29,105,0.052379353337872706,0.052379353337872706,0.052379353337872706,2492,Insula_L,Cerebelum_9_L
2918,28,105,29,106,0.050093063841792046,0.050093063841792046,0.050093063841792046,2589,Insula_L,Cerebelum_9_R
2919,28,106,29,107,0.22331491175214843,0.22331491175214843,0.22331491175214843,231,Insula_L,Cerebelum_10_L
2920,28,107,29,108,0.12706049265097127,0.12706049265097127,0.12706049265097127,857,Insula_L,Cerebelum_10_R
2921,28,108,29,109,-0.019842361847131028,0.019842361847131028,0.019842361847131028,4171,Insula_L,Vermis_1_2
2922,28,109,29,110,-0.050884535871307375,0.050884535871307375,0.050884535871307375,2552,Insula_L,Vermis_3
2923,28,110,29,111,-0.06668574322519756,0.06668574322519756,0.06668574322519756,2011,Insula_L,Vermis_4_5
2924,28,111,29,112,-0.04464133514212151,0.04464133514212151,0.04464133514212151,2800,Insula_L,Vermis_6
2925,28,112,29,113,0.013940751357238618,0.013940751357238618,0.013940751357238618,4555,Insula_L,Vermis_7
2926,28,113,29,114,0.08539201013718593,0.08539201013718593,0.08539201013718593,1533,Insula_L,Vermis_8
2927,28,114,29,115,0.08781975896438832,0.08781975896438832,0.08781975896438832,1481,Insula_L,Vermis_9
2928,28,115,29,116,-0.1207039281843931,0.1207039281843931,0.1207039281843931,928,Insula_L,Vermis_10
2929,29,30,30,31,0.15288740064892373,0.15288740064892373,0.15288740064892373,594,Insula_R,Cingulum_Ant_L
2930,29,31,30,32,-0.003656073464295044,0.003656073464295044,0.003656073464295044,5303,Insula_R,Cingulum_Ant_R
2931,29,32,30,33,0.106117124382224,0.106117124382224,0.106117124382224,1141,Insula_R,Cingulum_Mid_L
2932,29,33,30,34,0.18613109869037542,0.18613109869037542,0.18613109869037542,381,Insula_R,Cingulum_Mid_R
2933,29,34,30,35,0.031138101057317843,0.031138101057317843,0.031138101057317843,3482,Insula_R,Cingulum_Post_L
2934,29,35,30,36,0.023167591699970642,0.023167591699970642,0.023167591699970642,3963,Insula_R,Cingulum_Post_R
2935,29,36,30,37,-0.05756228453635578,0.05756228453635578,0.05756228453635578,2314,Insula_R,Hippocampus_L
2936,29,37,30,38,-0.10209347177635172,0.10209347177635172,0.10209347177635172,1209,Insula_R,Hippocampus_R
2937,29,38,30,39,-0.007557092132774838,0.007557092132774838,0.007557092132774838,5014,Insula_R,ParaHippocampal_L
2938,29,39,30,40,-0.0039589147034756085,0.0039589147034756085,0.0039589147034756085,5279,Insula_R,ParaHippocampal_R
2939,29,40,30,41,-0.10832774690427331,0.10832774690427331,0.10832774690427331,1105,Insula_R,Amygdala_L
2940,29,41,30,42,-0.03165553657155615,0.03165553657155615,0.03165553657155615,3453,Insula_R,Amygdala_R
2941,29,42,30,43,0.0051734125126749134,0.0051734125126749134,0.0051734125126749134,5182,Insula_R,Calcarine_L
2942,29,43,30,44,0.010867744340764861,0.010867744340764861,0.010867744340764861,4792,Insula_R,Calcarine_R
2943,29,44,30,45,0.047769202362252294,0.047769202362252294,0.047769202362252294,2674,Insula_R,Cuneus_L
2944,29,45,30,46,-0.00019255601330433157,0.00019255601330433157,0.00019255601330433157,6653,Insula_R,Cuneus_R
2945,29,46,30,47,0.01102159247635783,0.01102159247635783,0.01102159247635783,4786,Insula_R,Lingual_L
2946,29,47,30,48,0.00892947377436399,0.00892947377436399,0.00892947377436399,4922,Insula_R,Lingual_R
2947,29,48,30,49,0.08277557060395714,0.08277557060395714,0.08277557060395714,1595,Insula_R,Occipital_Sup_L
2948,29,49,30,50,-0.07089357509571341,0.07089357509571341,0.07089357509571341,1882,Insula_R,Occipital_Sup_R
2949,29,50,30,51,0.06016245313211708,0.06016245313211708,0.06016245313211708,2225,Insula_R,Occipital_Mid_L
2950,29,51,30,52,0.038151512341369015,0.038151512341369015,0.038151512341369015,3110,Insula_R,Occipital_Mid_R
2951,29,52,30,53,0.022823078805910366,0.022823078805910366,0.022823078805910366,3993,Insula_R,Occipital_Inf_L
2952,29,53,30,54,-0.013630564536579234,0.013630564536579234,0.013630564536579234,4590,Insula_R,Occipital_Inf_R
2953,29,54,30,55,-0.08795147878500513,0.08795147878500513,0.08795147878500513,1480,Insula_R,Fusiform_L
2954,29,55,30,56,-0.06932463679004491,0.06932463679004491,0.06932463679004491,1923,Insula_R,Fusiform_R
2955,29,56,30,57,-0.07730232252325772,0.07730232252325772,0.07730232252325772,1724,Insula_R,Postcentral_L
2956,29,57,30,58,-0.1430976155212281,0.1430976155212281,0.1430976155212281,698,Insula_R,Postcentral_R
2957,29,58,30,59,0.0004976145746892188,0.0004976145746892188,0.0004976145746892188,6106,Insula_R,Parietal_Sup_L
2958,29,59,30,60,0.000546349626908417,0.000546349626908417,0.000546349626908417,5876,Insula_R,Parietal_Sup_R
2959,29,60,30,61,-0.2502102970187281,0.2502102970187281,0.2502102970187281,156,Insula_R,Parietal_Inf_L
2960,29,61,30,62,0.0004680855818255387,0.0004680855818255387,0.0004680855818255387,6377,Insula_R,Parietal_Inf_R
2961,29,62,30,63,0.0005025238874654208,0.0005025238874654208,0.0005025238874654208,6073,Insula_R,SupraMarginal_L
2962,29,63,30,64,-0.09188106418588728,0.09188106418588728,0.09188106418588728,1404,Insula_R,SupraMarginal_R
2963,29,64,30,65,0.007167293595530357,0.007167293595530357,0.007167293595530357,5039,Insula_R,Angular_L
2964,29,65,30,66,0.0008652600032211206,0.0008652600032211206,0.0008652600032211206,5577,Insula_R,Angular_R
2965,29,66,30,67,0.14420597304019347,0.14420597304019347,0.14420597304019347,680,Insula_R,Precuneus_L
2966,29,67,30,68,0.07594193854180928,0.07594193854180928,0.07594193854180928,1761,Insula_R,Precuneus_R
2967,29,68,30,69,-0.046176590836744844,0.046176590836744844,0.046176590836744844,2739,Insula_R,Paracentral_Lobule_L
2968,29,69,30,70,0.019109937962149,0.019109937962149,0.019109937962149,4217,Insula_R,Paracentral_Lobule_R
2969,29,70,30,71,0.06754113806753358,0.06754113806753358,0.06754113806753358,1979,Insula_R,Caudate_L
2970,29,71,30,72,0.0389123667561984,0.0389123667561984,0.0389123667561984,3083,Insula_R,Caudate_R
2971,29,72,30,73,-0.022908883108502247,0.022908883108502247,0.022908883108502247,3983,Insula_R,Putamen_L
2972,29,73,30,74,-0.01337085727060844,0.01337085727060844,0.01337085727060844,4607,Insula_R,Putamen_R
2973,29,74,30,75,-0.23046068408206127,0.23046068408206127,0.23046068408206127,212,Insula_R,Pallidum_L
2974,29,75,30,76,-0.2016389090967222,0.2016389090967222,0.2016389090967222,298,Insula_R,Pallidum_R
2975,29,76,30,77,-0.12229891504531634,0.12229891504531634,0.12229891504531634,906,Insula_R,Thalamus_L
2976,29,77,30,78,0.04108794977220536,0.04108794977220536,0.04108794977220536,2968,Insula_R,Thalamus_R
2977,29,78,30,79,0.1435809565041835,0.1435809565041835,0.1435809565041835,689,Insula_R,Heschl_L
2978,29,79,30,80,0.054054695409284106,0.054054695409284106,0.054054695409284106,2431,Insula_R,Heschl_R
2979,29,80,30,81,-0.10202738654826989,0.10202738654826989,0.10202738654826989,1211,Insula_R,Temporal_Sup_L
2980,29,81,30,82,0.025664412647522533,0.025664412647522533,0.025664412647522533,3810,Insula_R,Temporal_Sup_R
2981,29,82,30,83,-0.27293040052282275,0.27293040052282275,0.27293040052282275,108,Insula_R,Temporal_Pole_Sup_L
2982,29,83,30,84,0.0055510689997436335,0.0055510689997436335,0.0055510689997436335,5149,Insula_R,Temporal_Pole_Sup_R
2983,29,84,30,85,-0.0646092051242631,0.0646092051242631,0.0646092051242631,2072,Insula_R,Temporal_Mid_L
2984,29,85,30,86,-0.07266286185646194,0.07266286185646194,0.07266286185646194,1832,Insula_R,Temporal_Mid_R
2985,29,86,30,87,-0.08683036023414507,0.08683036023414507,0.08683036023414507,1509,Insula_R,Temporal_Pole_Mid_L
2986,29,87,30,88,-0.25178872974671446,0.25178872974671446,0.25178872974671446,150,Insula_R,Temporal_Pole_Mid_R
2987,29,88,30,89,-0.14272451112806572,0.14272451112806572,0.14272451112806572,704,Insula_R,Temporal_Inf_L
2988,29,89,30,90,0.02028506235820153,0.02028506235820153,0.02028506235820153,4148,Insula_R,Temporal_Inf_R
2989,29,90,30,91,0.1777921983768493,0.1777921983768493,0.1777921983768493,421,Insula_R,Cerebelum_Crus1_L
2990,29,91,30,92,0.05677021421694952,0.05677021421694952,0.05677021421694952,2343,Insula_R,Cerebelum_Crus1_R
2991,29,92,30,93,0.07707000065888134,0.07707000065888134,0.07707000065888134,1730,Insula_R,Cerebelum_Crus2_L
2992,29,93,30,94,0.1384378547116193,0.1384378547116193,0.1384378547116193,746,Insula_R,Cerebelum_Crus2_R
2993,29,94,30,95,-0.0017856126430186234,0.0017856126430186234,0.0017856126430186234,5440,Insula_R,Cerebelum_3_L
2994,29,95,30,96,-0.0035724578456871434,0.0035724578456871434,0.0035724578456871434,5311,Insula_R,Cerebelum_3_R
2995,29,96,30,97,0.08027821148991947,0.08027821148991947,0.08027821148991947,1648,Insula_R,Cerebelum_4_5_L
2996,29,97,30,98,-0.14884017592674062,0.14884017592674062,0.14884017592674062,631,Insula_R,Cerebelum_4_5_R
2997,29,98,30,99,0.048890149540941945,0.048890149540941945,0.048890149540941945,2628,Insula_R,Cerebelum_6_L
2998,29,99,30,100,-0.034779560127628874,0.034779560127628874,0.034779560127628874,3264,Insula_R,Cerebelum_6_R
2999,29,100,30,101,-0.040261538431532684,0.040261538431532684,0.040261538431532684,3021,Insula_R,Cerebelum_7b_L
3000,29,101,30,102,-0.01061651337727924,0.01061651337727924,0.01061651337727924,4804,Insula_R,Cerebelum_7b_R
3001,29,102,30,103,-0.08568033763237952,0.08568033763237952,0.08568033763237952,1529,Insula_R,Cerebelum_8_L
3002,29,103,30,104,-0.10140435170545446,0.10140435170545446,0.10140435170545446,1220,Insula_R,Cerebelum_8_R
3003,29,104,30,105,0.013063107441438576,0.013063107441438576,0.013063107441438576,4630,Insula_R,Cerebelum_9_L
3004,29,105,30,106,-0.04909509197214855,0.04909509197214855,0.04909509197214855,2621,Insula_R,Cerebelum_9_R
3005,29,106,30,107,0.042893203252114584,0.042893203252114584,0.042893203252114584,2873,Insula_R,Cerebelum_10_L
3006,29,107,30,108,0.07933025619362502,0.07933025619362502,0.07933025619362502,1668,Insula_R,Cerebelum_10_R
3007,29,108,30,109,-0.014187645458899558,0.014187645458899558,0.014187645458899558,4536,Insula_R,Vermis_1_2
3008,29,109,30,110,-0.06260614950573488,0.06260614950573488,0.06260614950573488,2138,Insula_R,Vermis_3
3009,29,110,30,111,-0.06330765172578476,0.06330765172578476,0.06330765172578476,2122,Insula_R,Vermis_4_5
3010,29,111,30,112,0.05173928641609837,0.05173928641609837,0.05173928641609837,2517,Insula_R,Vermis_6
3011,29,112,30,113,-0.017611734559576785,0.017611734559576785,0.017611734559576785,4303,Insula_R,Vermis_7
3012,29,113,30,114,0.05677434867028327,0.05677434867028327,0.05677434867028327,2342,Insula_R,Vermis_8
3013,29,114,30,115,0.01071990991103157,0.01071990991103157,0.01071990991103157,4798,Insula_R,Vermis_9
3014,29,115,30,116,-0.11850094522702938,0.11850094522702938,0.11850094522702938,959,Insula_R,Vermis_10
3015,30,31,31,32,0.25880825277656566,0.25880825277656566,0.25880825277656566,129,Cingulum_Ant_L,Cingulum_Ant_R
3016,30,32,31,33,0.14032006457803356,0.14032006457803356,0.14032006457803356,726,Cingulum_Ant_L,Cingulum_Mid_L
3017,30,33,31,34,0.00175506614939752,0.00175506614939752,0.00175506614939752,5445,Cingulum_Ant_L,Cingulum_Mid_R
3018,30,34,31,35,-0.01164487575709674,0.01164487575709674,0.01164487575709674,4741,Cingulum_Ant_L,Cingulum_Post_L
3019,30,35,31,36,-0.08666221769067331,0.08666221769067331,0.08666221769067331,1512,Cingulum_Ant_L,Cingulum_Post_R
3020,30,36,31,37,-0.01380382127086826,0.01380382127086826,0.01380382127086826,4574,Cingulum_Ant_L,Hippocampus_L
3021,30,37,31,38,0.13844464834915146,0.13844464834915146,0.13844464834915146,745,Cingulum_Ant_L,Hippocampus_R
3022,30,38,31,39,0.16522784179843225,0.16522784179843225,0.16522784179843225,495,Cingulum_Ant_L,ParaHippocampal_L
3023,30,39,31,40,-0.11181762434179048,0.11181762434179048,0.11181762434179048,1060,Cingulum_Ant_L,ParaHippocampal_R
3024,30,40,31,41,0.03058348325027629,0.03058348325027629,0.03058348325027629,3524,Cingulum_Ant_L,Amygdala_L
3025,30,41,31,42,0.04707041294272138,0.04707041294272138,0.04707041294272138,2700,Cingulum_Ant_L,Amygdala_R
3026,30,42,31,43,0.05718109277601228,0.05718109277601228,0.05718109277601228,2328,Cingulum_Ant_L,Calcarine_L
3027,30,43,31,44,0.01565374162063423,0.01565374162063423,0.01565374162063423,4439,Cingulum_Ant_L,Calcarine_R
3028,30,44,31,45,0.05013124902565419,0.05013124902565419,0.05013124902565419,2585,Cingulum_Ant_L,Cuneus_L
3029,30,45,31,46,0.040189624282936987,0.040189624282936987,0.040189624282936987,3024,Cingulum_Ant_L,Cuneus_R
3030,30,46,31,47,0.0336890180024812,0.0336890180024812,0.0336890180024812,3327,Cingulum_Ant_L,Lingual_L
3031,30,47,31,48,-0.002739811297567456,0.002739811297567456,0.002739811297567456,5371,Cingulum_Ant_L,Lingual_R
3032,30,48,31,49,0.020193257228988265,0.020193257228988265,0.020193257228988265,4157,Cingulum_Ant_L,Occipital_Sup_L
3033,30,49,31,50,-0.016133467916216736,0.016133467916216736,0.016133467916216736,4400,Cingulum_Ant_L,Occipital_Sup_R
3034,30,50,31,51,0.07440520533247354,0.07440520533247354,0.07440520533247354,1794,Cingulum_Ant_L,Occipital_Mid_L
3035,30,51,31,52,0.051090819767881525,0.051090819767881525,0.051090819767881525,2542,Cingulum_Ant_L,Occipital_Mid_R
3036,30,52,31,53,0.04297648760938412,0.04297648760938412,0.04297648760938412,2870,Cingulum_Ant_L,Occipital_Inf_L
3037,30,53,31,54,-0.04570367450555589,0.04570367450555589,0.04570367450555589,2760,Cingulum_Ant_L,Occipital_Inf_R
3038,30,54,31,55,0.07912163446053073,0.07912163446053073,0.07912163446053073,1674,Cingulum_Ant_L,Fusiform_L
3039,30,55,31,56,0.04370578694946189,0.04370578694946189,0.04370578694946189,2845,Cingulum_Ant_L,Fusiform_R
3040,30,56,31,57,0.09584516921065254,0.09584516921065254,0.09584516921065254,1321,Cingulum_Ant_L,Postcentral_L
3041,30,57,31,58,0.04574975638940642,0.04574975638940642,0.04574975638940642,2756,Cingulum_Ant_L,Postcentral_R
3042,30,58,31,59,0.0005083567002113603,0.0005083567002113603,0.0005083567002113603,6033,Cingulum_Ant_L,Parietal_Sup_L
3043,30,59,31,60,0.0005662350552002053,0.0005662350552002053,0.0005662350552002053,5814,Cingulum_Ant_L,Parietal_Sup_R
3044,30,60,31,61,-0.22704401861318976,0.22704401861318976,0.22704401861318976,223,Cingulum_Ant_L,Parietal_Inf_L
3045,30,61,31,62,0.00047554065117400566,0.00047554065117400566,0.00047554065117400566,6301,Cingulum_Ant_L,Parietal_Inf_R
3046,30,62,31,63,0.0005153104892412841,0.0005153104892412841,0.0005153104892412841,5990,Cingulum_Ant_L,SupraMarginal_L
3047,30,63,31,64,0.08038970110074502,0.08038970110074502,0.08038970110074502,1643,Cingulum_Ant_L,SupraMarginal_R
3048,30,64,31,65,-0.09227365258616675,0.09227365258616675,0.09227365258616675,1396,Cingulum_Ant_L,Angular_L
3049,30,65,31,66,0.0008610342738639374,0.0008610342738639374,0.0008610342738639374,5587,Cingulum_Ant_L,Angular_R
3050,30,66,31,67,0.07454182216707822,0.07454182216707822,0.07454182216707822,1791,Cingulum_Ant_L,Precuneus_L
3051,30,67,31,68,0.0803007755421418,0.0803007755421418,0.0803007755421418,1646,Cingulum_Ant_L,Precuneus_R
3052,30,68,31,69,-0.02369124433606677,0.02369124433606677,0.02369124433606677,3923,Cingulum_Ant_L,Paracentral_Lobule_L
3053,30,69,31,70,0.1085917091605558,0.1085917091605558,0.1085917091605558,1102,Cingulum_Ant_L,Paracentral_Lobule_R
3054,30,70,31,71,0.01143277855291026,0.01143277855291026,0.01143277855291026,4761,Cingulum_Ant_L,Caudate_L
3055,30,71,31,72,0.016384368250942666,0.016384368250942666,0.016384368250942666,4383,Cingulum_Ant_L,Caudate_R
3056,30,72,31,73,-0.18678661610423777,0.18678661610423777,0.18678661610423777,378,Cingulum_Ant_L,Putamen_L
3057,30,73,31,74,-0.02065235135024309,0.02065235135024309,0.02065235135024309,4129,Cingulum_Ant_L,Putamen_R
3058,30,74,31,75,0.09858362662941136,0.09858362662941136,0.09858362662941136,1272,Cingulum_Ant_L,Pallidum_L
3059,30,75,31,76,-0.13512628515576258,0.13512628515576258,0.13512628515576258,771,Cingulum_Ant_L,Pallidum_R
3060,30,76,31,77,-0.21808312617369566,0.21808312617369566,0.21808312617369566,248,Cingulum_Ant_L,Thalamus_L
3061,30,77,31,78,0.14348807893696572,0.14348807893696572,0.14348807893696572,691,Cingulum_Ant_L,Thalamus_R
3062,30,78,31,79,0.05940181016611824,0.05940181016611824,0.05940181016611824,2246,Cingulum_Ant_L,Heschl_L
3063,30,79,31,80,0.1155428992565844,0.1155428992565844,0.1155428992565844,1001,Cingulum_Ant_L,Heschl_R
3064,30,80,31,81,-0.12504474067406654,0.12504474067406654,0.12504474067406654,876,Cingulum_Ant_L,Temporal_Sup_L
3065,30,81,31,82,-0.2959860729760486,0.2959860729760486,0.2959860729760486,80,Cingulum_Ant_L,Temporal_Sup_R
3066,30,82,31,83,-0.03128634685153277,0.03128634685153277,0.03128634685153277,3473,Cingulum_Ant_L,Temporal_Pole_Sup_L
3067,30,83,31,84,-0.10399398458659313,0.10399398458659313,0.10399398458659313,1172,Cingulum_Ant_L,Temporal_Pole_Sup_R
3068,30,84,31,85,-0.008555361025384315,0.008555361025384315,0.008555361025384315,4943,Cingulum_Ant_L,Temporal_Mid_L
3069,30,85,31,86,-0.02946796493776316,0.02946796493776316,0.02946796493776316,3592,Cingulum_Ant_L,Temporal_Mid_R
3070,30,86,31,87,0.06788051459521675,0.06788051459521675,0.06788051459521675,1966,Cingulum_Ant_L,Temporal_Pole_Mid_L
3071,30,87,31,88,-0.21485350499626765,0.21485350499626765,0.21485350499626765,260,Cingulum_Ant_L,Temporal_Pole_Mid_R
3072,30,88,31,89,-0.10720300035749328,0.10720300035749328,0.10720300035749328,1123,Cingulum_Ant_L,Temporal_Inf_L
3073,30,89,31,90,0.10150087649361988,0.10150087649361988,0.10150087649361988,1219,Cingulum_Ant_L,Temporal_Inf_R
3074,30,90,31,91,-0.17232943519733154,0.17232943519733154,0.17232943519733154,457,Cingulum_Ant_L,Cerebelum_Crus1_L
3075,30,91,31,92,-0.08571885875662301,0.08571885875662301,0.08571885875662301,1526,Cingulum_Ant_L,Cerebelum_Crus1_R
3076,30,92,31,93,-0.025998418410270202,0.025998418410270202,0.025998418410270202,3793,Cingulum_Ant_L,Cerebelum_Crus2_L
3077,30,93,31,94,-0.15774656006903848,0.15774656006903848,0.15774656006903848,549,Cingulum_Ant_L,Cerebelum_Crus2_R
3078,30,94,31,95,-0.08064749558667242,0.08064749558667242,0.08064749558667242,1635,Cingulum_Ant_L,Cerebelum_3_L
3079,30,95,31,96,-0.08739857742641859,0.08739857742641859,0.08739857742641859,1492,Cingulum_Ant_L,Cerebelum_3_R
3080,30,96,31,97,-0.14291408969750166,0.14291408969750166,0.14291408969750166,702,Cingulum_Ant_L,Cerebelum_4_5_L
3081,30,97,31,98,-0.20926494388970296,0.20926494388970296,0.20926494388970296,276,Cingulum_Ant_L,Cerebelum_4_5_R
3082,30,98,31,99,-0.04664359552215001,0.04664359552215001,0.04664359552215001,2724,Cingulum_Ant_L,Cerebelum_6_L
3083,30,99,31,100,-0.15495712793779953,0.15495712793779953,0.15495712793779953,570,Cingulum_Ant_L,Cerebelum_6_R
3084,30,100,31,101,-0.5983535825742174,0.5983535825742174,0.5983535825742174,3,Cingulum_Ant_L,Cerebelum_7b_L
3085,30,101,31,102,-0.16993291156191404,0.16993291156191404,0.16993291156191404,471,Cingulum_Ant_L,Cerebelum_7b_R
3086,30,102,31,103,0.09337911237279606,0.09337911237279606,0.09337911237279606,1379,Cingulum_Ant_L,Cerebelum_8_L
3087,30,103,31,104,0.02287649181480957,0.02287649181480957,0.02287649181480957,3987,Cingulum_Ant_L,Cerebelum_8_R
3088,30,104,31,105,0.0910407834443064,0.0910407834443064,0.0910407834443064,1423,Cingulum_Ant_L,Cerebelum_9_L
3089,30,105,31,106,0.06868983441414102,0.06868983441414102,0.06868983441414102,1938,Cingulum_Ant_L,Cerebelum_9_R
3090,30,106,31,107,-0.13100615704174012,0.13100615704174012,0.13100615704174012,810,Cingulum_Ant_L,Cerebelum_10_L
3091,30,107,31,108,0.1448369437048631,0.1448369437048631,0.1448369437048631,674,Cingulum_Ant_L,Cerebelum_10_R
3092,30,108,31,109,-0.10118431508677757,0.10118431508677757,0.10118431508677757,1224,Cingulum_Ant_L,Vermis_1_2
3093,30,109,31,110,-0.009511340960525711,0.009511340960525711,0.009511340960525711,4886,Cingulum_Ant_L,Vermis_3
3094,30,110,31,111,-0.012413884517196955,0.012413884517196955,0.012413884517196955,4683,Cingulum_Ant_L,Vermis_4_5
3095,30,111,31,112,0.02247944766757014,0.02247944766757014,0.02247944766757014,4020,Cingulum_Ant_L,Vermis_6
3096,30,112,31,113,-0.0483298084519058,0.0483298084519058,0.0483298084519058,2648,Cingulum_Ant_L,Vermis_7
3097,30,113,31,114,0.06418067354201865,0.06418067354201865,0.06418067354201865,2088,Cingulum_Ant_L,Vermis_8
3098,30,114,31,115,-0.008306021904185727,0.008306021904185727,0.008306021904185727,4965,Cingulum_Ant_L,Vermis_9
3099,30,115,31,116,-0.08923780937896772,0.08923780937896772,0.08923780937896772,1449,Cingulum_Ant_L,Vermis_10
3100,31,32,32,33,0.12054171728900685,0.12054171728900685,0.12054171728900685,930,Cingulum_Ant_R,Cingulum_Mid_L
3101,31,33,32,34,0.12491663697224013,0.12491663697224013,0.12491663697224013,879,Cingulum_Ant_R,Cingulum_Mid_R
3102,31,34,32,35,-0.13787942492995597,0.13787942492995597,0.13787942492995597,750,Cingulum_Ant_R,Cingulum_Post_L
3103,31,35,32,36,-0.08158743152055166,0.08158743152055166,0.08158743152055166,1618,Cingulum_Ant_R,Cingulum_Post_R
3104,31,36,32,37,0.0677733933665086,0.0677733933665086,0.0677733933665086,1970,Cingulum_Ant_R,Hippocampus_L
3105,31,37,32,38,0.1017597409931622,0.1017597409931622,0.1017597409931622,1215,Cingulum_Ant_R,Hippocampus_R
3106,31,38,32,39,0.19570707865114023,0.19570707865114023,0.19570707865114023,323,Cingulum_Ant_R,ParaHippocampal_L
3107,31,39,32,40,-0.07914313390001268,0.07914313390001268,0.07914313390001268,1673,Cingulum_Ant_R,ParaHippocampal_R
3108,31,40,32,41,-0.030014241764879573,0.030014241764879573,0.030014241764879573,3561,Cingulum_Ant_R,Amygdala_L
3109,31,41,32,42,0.08672984027203301,0.08672984027203301,0.08672984027203301,1511,Cingulum_Ant_R,Amygdala_R
3110,31,42,32,43,0.006076842564762682,0.006076842564762682,0.006076842564762682,5113,Cingulum_Ant_R,Calcarine_L
3111,31,43,32,44,-0.050319402646508846,0.050319402646508846,0.050319402646508846,2573,Cingulum_Ant_R,Calcarine_R
3112,31,44,32,45,0.0371074464947041,0.0371074464947041,0.0371074464947041,3155,Cingulum_Ant_R,Cuneus_L
3113,31,45,32,46,-0.04814254856150902,0.04814254856150902,0.04814254856150902,2656,Cingulum_Ant_R,Cuneus_R
3114,31,46,32,47,-0.01191652544667654,0.01191652544667654,0.01191652544667654,4715,Cingulum_Ant_R,Lingual_L
3115,31,47,32,48,-0.04081634793034236,0.04081634793034236,0.04081634793034236,2985,Cingulum_Ant_R,Lingual_R
3116,31,48,32,49,0.008898808176729917,0.008898808176729917,0.008898808176729917,4924,Cingulum_Ant_R,Occipital_Sup_L
3117,31,49,32,50,-0.05295524653480682,0.05295524653480682,0.05295524653480682,2467,Cingulum_Ant_R,Occipital_Sup_R
3118,31,50,32,51,0.08926609562084464,0.08926609562084464,0.08926609562084464,1447,Cingulum_Ant_R,Occipital_Mid_L
3119,31,51,32,52,0.05166253789017234,0.05166253789017234,0.05166253789017234,2518,Cingulum_Ant_R,Occipital_Mid_R
3120,31,52,32,53,0.039284772320714,0.039284772320714,0.039284772320714,3065,Cingulum_Ant_R,Occipital_Inf_L
3121,31,53,32,54,-0.04372460150157718,0.04372460150157718,0.04372460150157718,2844,Cingulum_Ant_R,Occipital_Inf_R
3122,31,54,32,55,0.055982314164873245,0.055982314164873245,0.055982314164873245,2370,Cingulum_Ant_R,Fusiform_L
3123,31,55,32,56,0.0017044265676372252,0.0017044265676372252,0.0017044265676372252,5448,Cingulum_Ant_R,Fusiform_R
3124,31,56,32,57,0.025098795555173182,0.025098795555173182,0.025098795555173182,3846,Cingulum_Ant_R,Postcentral_L
3125,31,57,32,58,-0.07312010858850805,0.07312010858850805,0.07312010858850805,1820,Cingulum_Ant_R,Postcentral_R
3126,31,58,32,59,0.0005073156425781282,0.0005073156425781282,0.0005073156425781282,6044,Cingulum_Ant_R,Parietal_Sup_L
3127,31,59,32,60,0.0005657400051336476,0.0005657400051336476,0.0005657400051336476,5816,Cingulum_Ant_R,Parietal_Sup_R
3128,31,60,32,61,-0.21988503920264524,0.21988503920264524,0.21988503920264524,244,Cingulum_Ant_R,Parietal_Inf_L
3129,31,61,32,62,0.0004867984079725716,0.0004867984079725716,0.0004867984079725716,6176,Cingulum_Ant_R,Parietal_Inf_R
3130,31,62,32,63,0.0005080916650870549,0.0005080916650870549,0.0005080916650870549,6037,Cingulum_Ant_R,SupraMarginal_L
3131,31,63,32,64,-0.15437984351391806,0.15437984351391806,0.15437984351391806,576,Cingulum_Ant_R,SupraMarginal_R
3132,31,64,32,65,-0.047051181909025123,0.047051181909025123,0.047051181909025123,2703,Cingulum_Ant_R,Angular_L
3133,31,65,32,66,0.0008425827599199095,0.0008425827599199095,0.0008425827599199095,5616,Cingulum_Ant_R,Angular_R
3134,31,66,32,67,0.08049918029697033,0.08049918029697033,0.08049918029697033,1639,Cingulum_Ant_R,Precuneus_L
3135,31,67,32,68,-0.08850063317143247,0.08850063317143247,0.08850063317143247,1470,Cingulum_Ant_R,Precuneus_R
3136,31,68,32,69,-0.0547698240986883,0.0547698240986883,0.0547698240986883,2411,Cingulum_Ant_R,Paracentral_Lobule_L
3137,31,69,32,70,0.02516681106644725,0.02516681106644725,0.02516681106644725,3837,Cingulum_Ant_R,Paracentral_Lobule_R
3138,31,70,32,71,-0.00013427372836391838,0.00013427372836391838,0.00013427372836391838,6662,Cingulum_Ant_R,Caudate_L
3139,31,71,32,72,-0.015486835628513843,0.015486835628513843,0.015486835628513843,4451,Cingulum_Ant_R,Caudate_R
3140,31,72,32,73,-0.0005100921775558813,0.0005100921775558813,0.0005100921775558813,6024,Cingulum_Ant_R,Putamen_L
3141,31,73,32,74,0.00875457265189014,0.00875457265189014,0.00875457265189014,4933,Cingulum_Ant_R,Putamen_R
3142,31,74,32,75,0.19781179606308597,0.19781179606308597,0.19781179606308597,308,Cingulum_Ant_R,Pallidum_L
3143,31,75,32,76,-0.27641173415947395,0.27641173415947395,0.27641173415947395,105,Cingulum_Ant_R,Pallidum_R
3144,31,76,32,77,-0.4443830627466722,0.4443830627466722,0.4443830627466722,15,Cingulum_Ant_R,Thalamus_L
3145,31,77,32,78,-0.26161918175557364,0.26161918175557364,0.26161918175557364,124,Cingulum_Ant_R,Thalamus_R
3146,31,78,32,79,0.02525504998999568,0.02525504998999568,0.02525504998999568,3828,Cingulum_Ant_R,Heschl_L
3147,31,79,32,80,0.029662776526936475,0.029662776526936475,0.029662776526936475,3580,Cingulum_Ant_R,Heschl_R
3148,31,80,32,81,-0.13191559205008122,0.13191559205008122,0.13191559205008122,799,Cingulum_Ant_R,Temporal_Sup_L
3149,31,81,32,82,-0.4356637309396138,0.4356637309396138,0.4356637309396138,16,Cingulum_Ant_R,Temporal_Sup_R
3150,31,82,32,83,-0.04187224020041914,0.04187224020041914,0.04187224020041914,2923,Cingulum_Ant_R,Temporal_Pole_Sup_L
3151,31,83,32,84,-0.10370480909850739,0.10370480909850739,0.10370480909850739,1179,Cingulum_Ant_R,Temporal_Pole_Sup_R
3152,31,84,32,85,-0.06087894357685106,0.06087894357685106,0.06087894357685106,2207,Cingulum_Ant_R,Temporal_Mid_L
3153,31,85,32,86,-0.05279152792571795,0.05279152792571795,0.05279152792571795,2472,Cingulum_Ant_R,Temporal_Mid_R
3154,31,86,32,87,0.08513077362089343,0.08513077362089343,0.08513077362089343,1540,Cingulum_Ant_R,Temporal_Pole_Mid_L
3155,31,87,32,88,-0.22259764148631922,0.22259764148631922,0.22259764148631922,232,Cingulum_Ant_R,Temporal_Pole_Mid_R
3156,31,88,32,89,-0.030781913868678228,0.030781913868678228,0.030781913868678228,3512,Cingulum_Ant_R,Temporal_Inf_L
3157,31,89,32,90,0.05300617949976938,0.05300617949976938,0.05300617949976938,2464,Cingulum_Ant_R,Temporal_Inf_R
3158,31,90,32,91,-0.15905872232078633,0.15905872232078633,0.15905872232078633,535,Cingulum_Ant_R,Cerebelum_Crus1_L
3159,31,91,32,92,0.14335001628846464,0.14335001628846464,0.14335001628846464,693,Cingulum_Ant_R,Cerebelum_Crus1_R
3160,31,92,32,93,-0.009348078965344538,0.009348078965344538,0.009348078965344538,4898,Cingulum_Ant_R,Cerebelum_Crus2_L
3161,31,93,32,94,-0.14440016772069214,0.14440016772069214,0.14440016772069214,678,Cingulum_Ant_R,Cerebelum_Crus2_R
3162,31,94,32,95,-0.05201624584955894,0.05201624584955894,0.05201624584955894,2506,Cingulum_Ant_R,Cerebelum_3_L
3163,31,95,32,96,0.2097368315639581,0.2097368315639581,0.2097368315639581,273,Cingulum_Ant_R,Cerebelum_3_R
3164,31,96,32,97,0.11158423199963186,0.11158423199963186,0.11158423199963186,1064,Cingulum_Ant_R,Cerebelum_4_5_L
3165,31,97,32,98,-0.09995983181184225,0.09995983181184225,0.09995983181184225,1245,Cingulum_Ant_R,Cerebelum_4_5_R
3166,31,98,32,99,-0.0045334550564466005,0.0045334550564466005,0.0045334550564466005,5231,Cingulum_Ant_R,Cerebelum_6_L
3167,31,99,32,100,-0.12803868343267424,0.12803868343267424,0.12803868343267424,847,Cingulum_Ant_R,Cerebelum_6_R
3168,31,100,32,101,-0.25132771030129125,0.25132771030129125,0.25132771030129125,151,Cingulum_Ant_R,Cerebelum_7b_L
3169,31,101,32,102,-0.2870640695822182,0.2870640695822182,0.2870640695822182,91,Cingulum_Ant_R,Cerebelum_7b_R
3170,31,102,32,103,0.08389457905649626,0.08389457905649626,0.08389457905649626,1565,Cingulum_Ant_R,Cerebelum_8_L
3171,31,103,32,104,0.02453537180553123,0.02453537180553123,0.02453537180553123,3873,Cingulum_Ant_R,Cerebelum_8_R
3172,31,104,32,105,0.12814938694926992,0.12814938694926992,0.12814938694926992,844,Cingulum_Ant_R,Cerebelum_9_L
3173,31,105,32,106,-0.14301804094238613,0.14301804094238613,0.14301804094238613,699,Cingulum_Ant_R,Cerebelum_9_R
3174,31,106,32,107,-0.08339854278118998,0.08339854278118998,0.08339854278118998,1579,Cingulum_Ant_R,Cerebelum_10_L
3175,31,107,32,108,0.3070582744973678,0.3070582744973678,0.3070582744973678,69,Cingulum_Ant_R,Cerebelum_10_R
3176,31,108,32,109,-0.08596847008556883,0.08596847008556883,0.08596847008556883,1522,Cingulum_Ant_R,Vermis_1_2
3177,31,109,32,110,-0.0346320280335883,0.0346320280335883,0.0346320280335883,3275,Cingulum_Ant_R,Vermis_3
3178,31,110,32,111,0.011861253753969297,0.011861253753969297,0.011861253753969297,4725,Cingulum_Ant_R,Vermis_4_5
3179,31,111,32,112,-0.0003534661894557341,0.0003534661894557341,0.0003534661894557341,6541,Cingulum_Ant_R,Vermis_6
3180,31,112,32,113,-0.03756195783998746,0.03756195783998746,0.03756195783998746,3132,Cingulum_Ant_R,Vermis_7
3181,31,113,32,114,0.04401813606025191,0.04401813606025191,0.04401813606025191,2829,Cingulum_Ant_R,Vermis_8
3182,31,114,32,115,0.04389172457107388,0.04389172457107388,0.04389172457107388,2832,Cingulum_Ant_R,Vermis_9
3183,31,115,32,116,-0.0536692155311658,0.0536692155311658,0.0536692155311658,2441,Cingulum_Ant_R,Vermis_10
3184,32,33,33,34,0.10320622128104431,0.10320622128104431,0.10320622128104431,1193,Cingulum_Mid_L,Cingulum_Mid_R
3185,32,34,33,35,0.07613407459425595,0.07613407459425595,0.07613407459425595,1756,Cingulum_Mid_L,Cingulum_Post_L
3186,32,35,33,36,0.009902261515039463,0.009902261515039463,0.009902261515039463,4856,Cingulum_Mid_L,Cingulum_Post_R
3187,32,36,33,37,-0.04738477283942976,0.04738477283942976,0.04738477283942976,2686,Cingulum_Mid_L,Hippocampus_L
3188,32,37,33,38,-0.007908171284094611,0.007908171284094611,0.007908171284094611,4996,Cingulum_Mid_L,Hippocampus_R
3189,32,38,33,39,0.09482494585001434,0.09482494585001434,0.09482494585001434,1342,Cingulum_Mid_L,ParaHippocampal_L
3190,32,39,33,40,0.022268766261378182,0.022268766261378182,0.022268766261378182,4033,Cingulum_Mid_L,ParaHippocampal_R
3191,32,40,33,41,-0.06739512130716205,0.06739512130716205,0.06739512130716205,1983,Cingulum_Mid_L,Amygdala_L
3192,32,41,33,42,-0.011833698768323487,0.011833698768323487,0.011833698768323487,4726,Cingulum_Mid_L,Amygdala_R
3193,32,42,33,43,0.041014356883720425,0.041014356883720425,0.041014356883720425,2974,Cingulum_Mid_L,Calcarine_L
3194,32,43,33,44,0.012720352909886065,0.012720352909886065,0.012720352909886065,4652,Cingulum_Mid_L,Calcarine_R
3195,32,44,33,45,0.05687114949552353,0.05687114949552353,0.05687114949552353,2340,Cingulum_Mid_L,Cuneus_L
3196,32,45,33,46,0.024113422733415518,0.024113422733415518,0.024113422733415518,3899,Cingulum_Mid_L,Cuneus_R
3197,32,46,33,47,0.02068811508974006,0.02068811508974006,0.02068811508974006,4127,Cingulum_Mid_L,Lingual_L
3198,32,47,33,48,0.01759148970442939,0.01759148970442939,0.01759148970442939,4305,Cingulum_Mid_L,Lingual_R
3199,32,48,33,49,0.015936633567281745,0.015936633567281745,0.015936633567281745,4420,Cingulum_Mid_L,Occipital_Sup_L
3200,32,49,33,50,-0.009521425834919422,0.009521425834919422,0.009521425834919422,4885,Cingulum_Mid_L,Occipital_Sup_R
3201,32,50,33,51,0.08963792113837271,0.08963792113837271,0.08963792113837271,1444,Cingulum_Mid_L,Occipital_Mid_L
3202,32,51,33,52,0.04212308946104373,0.04212308946104373,0.04212308946104373,2906,Cingulum_Mid_L,Occipital_Mid_R
3203,32,52,33,53,0.05501023151511884,0.05501023151511884,0.05501023151511884,2395,Cingulum_Mid_L,Occipital_Inf_L
3204,32,53,33,54,-0.03691098581412814,0.03691098581412814,0.03691098581412814,3167,Cingulum_Mid_L,Occipital_Inf_R
3205,32,54,33,55,-0.015381736119600248,0.015381736119600248,0.015381736119600248,4455,Cingulum_Mid_L,Fusiform_L
3206,32,55,33,56,0.0013321248540229063,0.0013321248540229063,0.0013321248540229063,5483,Cingulum_Mid_L,Fusiform_R
3207,32,56,33,57,0.03703189125278,0.03703189125278,0.03703189125278,3163,Cingulum_Mid_L,Postcentral_L
3208,32,57,33,58,0.0009702065529204677,0.0009702065529204677,0.0009702065529204677,5504,Cingulum_Mid_L,Postcentral_R
3209,32,58,33,59,0.000502592832236695,0.000502592832236695,0.000502592832236695,6072,Cingulum_Mid_L,Parietal_Sup_L
3210,32,59,33,60,0.0005586904086201572,0.0005586904086201572,0.0005586904086201572,5842,Cingulum_Mid_L,Parietal_Sup_R
3211,32,60,33,61,-0.10282080885345869,0.10282080885345869,0.10282080885345869,1201,Cingulum_Mid_L,Parietal_Inf_L
3212,32,61,33,62,0.0004865215200298878,0.0004865215200298878,0.0004865215200298878,6181,Cingulum_Mid_L,Parietal_Inf_R
3213,32,62,33,63,0.0005119529397298665,0.0005119529397298665,0.0005119529397298665,6009,Cingulum_Mid_L,SupraMarginal_L
3214,32,63,33,64,0.09466345161505052,0.09466345161505052,0.09466345161505052,1346,Cingulum_Mid_L,SupraMarginal_R
3215,32,64,33,65,0.13568910794700112,0.13568910794700112,0.13568910794700112,768,Cingulum_Mid_L,Angular_L
3216,32,65,33,66,0.0008872976085680804,0.0008872976085680804,0.0008872976085680804,5524,Cingulum_Mid_L,Angular_R
3217,32,66,33,67,0.1633331290746541,0.1633331290746541,0.1633331290746541,510,Cingulum_Mid_L,Precuneus_L
3218,32,67,33,68,0.14912630734609927,0.14912630734609927,0.14912630734609927,626,Cingulum_Mid_L,Precuneus_R
3219,32,68,33,69,-0.13409959868185026,0.13409959868185026,0.13409959868185026,780,Cingulum_Mid_L,Paracentral_Lobule_L
3220,32,69,33,70,-0.03907411555276321,0.03907411555276321,0.03907411555276321,3075,Cingulum_Mid_L,Paracentral_Lobule_R
3221,32,70,33,71,-0.06113887260445673,0.06113887260445673,0.06113887260445673,2193,Cingulum_Mid_L,Caudate_L
3222,32,71,33,72,0.052517532198258124,0.052517532198258124,0.052517532198258124,2486,Cingulum_Mid_L,Caudate_R
3223,32,72,33,73,-0.06378764703243593,0.06378764703243593,0.06378764703243593,2103,Cingulum_Mid_L,Putamen_L
3224,32,73,33,74,0.08312645339332449,0.08312645339332449,0.08312645339332449,1584,Cingulum_Mid_L,Putamen_R
3225,32,74,33,75,-0.07136270262619501,0.07136270262619501,0.07136270262619501,1863,Cingulum_Mid_L,Pallidum_L
3226,32,75,33,76,0.06799128172753807,0.06799128172753807,0.06799128172753807,1959,Cingulum_Mid_L,Pallidum_R
3227,32,76,33,77,-0.0974372220784874,0.0974372220784874,0.0974372220784874,1291,Cingulum_Mid_L,Thalamus_L
3228,32,77,33,78,0.024551407491418698,0.024551407491418698,0.024551407491418698,3871,Cingulum_Mid_L,Thalamus_R
3229,32,78,33,79,0.04939685991557007,0.04939685991557007,0.04939685991557007,2609,Cingulum_Mid_L,Heschl_L
3230,32,79,33,80,0.11439032831105715,0.11439032831105715,0.11439032831105715,1015,Cingulum_Mid_L,Heschl_R
3231,32,80,33,81,-0.20107949152466556,0.20107949152466556,0.20107949152466556,300,Cingulum_Mid_L,Temporal_Sup_L
3232,32,81,33,82,-0.004180731673982192,0.004180731673982192,0.004180731673982192,5255,Cingulum_Mid_L,Temporal_Sup_R
3233,32,82,33,83,0.005533278487169776,0.005533278487169776,0.005533278487169776,5151,Cingulum_Mid_L,Temporal_Pole_Sup_L
3234,32,83,33,84,-0.0011722212614831632,0.0011722212614831632,0.0011722212614831632,5492,Cingulum_Mid_L,Temporal_Pole_Sup_R
3235,32,84,33,85,-0.018541703479095645,0.018541703479095645,0.018541703479095645,4250,Cingulum_Mid_L,Temporal_Mid_L
3236,32,85,33,86,0.11867039798889574,0.11867039798889574,0.11867039798889574,957,Cingulum_Mid_L,Temporal_Mid_R
3237,32,86,33,87,0.14910537744275823,0.14910537744275823,0.14910537744275823,627,Cingulum_Mid_L,Temporal_Pole_Mid_L
3238,32,87,33,88,-0.005872557286002739,0.005872557286002739,0.005872557286002739,5125,Cingulum_Mid_L,Temporal_Pole_Mid_R
3239,32,88,33,89,0.011522790859114049,0.011522790859114049,0.011522790859114049,4751,Cingulum_Mid_L,Temporal_Inf_L
3240,32,89,33,90,0.05213901033713871,0.05213901033713871,0.05213901033713871,2502,Cingulum_Mid_L,Temporal_Inf_R
3241,32,90,33,91,0.05878351965956418,0.05878351965956418,0.05878351965956418,2268,Cingulum_Mid_L,Cerebelum_Crus1_L
3242,32,91,33,92,0.0801479916921579,0.0801479916921579,0.0801479916921579,1653,Cingulum_Mid_L,Cerebelum_Crus1_R
3243,32,92,33,93,0.103518022541728,0.103518022541728,0.103518022541728,1184,Cingulum_Mid_L,Cerebelum_Crus2_L
3244,32,93,33,94,0.05622845979088469,0.05622845979088469,0.05622845979088469,2363,Cingulum_Mid_L,Cerebelum_Crus2_R
3245,32,94,33,95,-0.09433123914114795,0.09433123914114795,0.09433123914114795,1355,Cingulum_Mid_L,Cerebelum_3_L
3246,32,95,33,96,0.04576222006861637,0.04576222006861637,0.04576222006861637,2754,Cingulum_Mid_L,Cerebelum_3_R
3247,32,96,33,97,-0.09125574409001172,0.09125574409001172,0.09125574409001172,1417,Cingulum_Mid_L,Cerebelum_4_5_L
3248,32,97,33,98,-0.06385911102147679,0.06385911102147679,0.06385911102147679,2101,Cingulum_Mid_L,Cerebelum_4_5_R
3249,32,98,33,99,0.010850956305074435,0.010850956305074435,0.010850956305074435,4793,Cingulum_Mid_L,Cerebelum_6_L
3250,32,99,33,100,-0.05753716234403508,0.05753716234403508,0.05753716234403508,2315,Cingulum_Mid_L,Cerebelum_6_R
3251,32,100,33,101,-0.13284810037719522,0.13284810037719522,0.13284810037719522,793,Cingulum_Mid_L,Cerebelum_7b_L
3252,32,101,33,102,-0.12039541400264887,0.12039541400264887,0.12039541400264887,932,Cingulum_Mid_L,Cerebelum_7b_R
3253,32,102,33,103,0.03254817168822926,0.03254817168822926,0.03254817168822926,3401,Cingulum_Mid_L,Cerebelum_8_L
3254,32,103,33,104,0.007241734463529187,0.007241734463529187,0.007241734463529187,5035,Cingulum_Mid_L,Cerebelum_8_R
3255,32,104,33,105,0.24646129715450835,0.24646129715450835,0.24646129715450835,164,Cingulum_Mid_L,Cerebelum_9_L
3256,32,105,33,106,0.14932624615047924,0.14932624615047924,0.14932624615047924,624,Cingulum_Mid_L,Cerebelum_9_R
3257,32,106,33,107,0.0076716715762873726,0.0076716715762873726,0.0076716715762873726,5009,Cingulum_Mid_L,Cerebelum_10_L
3258,32,107,33,108,0.05934668336721232,0.05934668336721232,0.05934668336721232,2248,Cingulum_Mid_L,Cerebelum_10_R
3259,32,108,33,109,-0.04112179987959687,0.04112179987959687,0.04112179987959687,2966,Cingulum_Mid_L,Vermis_1_2
3260,32,109,33,110,0.008456677546779041,0.008456677546779041,0.008456677546779041,4953,Cingulum_Mid_L,Vermis_3
3261,32,110,33,111,-0.00787483109739894,0.00787483109739894,0.00787483109739894,4998,Cingulum_Mid_L,Vermis_4_5
3262,32,111,33,112,-0.028120715470214636,0.028120715470214636,0.028120715470214636,3661,Cingulum_Mid_L,Vermis_6
3263,32,112,33,113,-0.030790738491668315,0.030790738491668315,0.030790738491668315,3511,Cingulum_Mid_L,Vermis_7
3264,32,113,33,114,0.035461284183461846,0.035461284183461846,0.035461284183461846,3224,Cingulum_Mid_L,Vermis_8
3265,32,114,33,115,0.042536294205744216,0.042536294205744216,0.042536294205744216,2891,Cingulum_Mid_L,Vermis_9
3266,32,115,33,116,-0.11819775989310072,0.11819775989310072,0.11819775989310072,962,Cingulum_Mid_L,Vermis_10
3267,33,34,34,35,0.005130222499710426,0.005130222499710426,0.005130222499710426,5185,Cingulum_Mid_R,Cingulum_Post_L
3268,33,35,34,36,-0.03243963354717003,0.03243963354717003,0.03243963354717003,3407,Cingulum_Mid_R,Cingulum_Post_R
3269,33,36,34,37,-0.09908441688517283,0.09908441688517283,0.09908441688517283,1266,Cingulum_Mid_R,Hippocampus_L
3270,33,37,34,38,-0.07475995406524122,0.07475995406524122,0.07475995406524122,1785,Cingulum_Mid_R,Hippocampus_R
3271,33,38,34,39,0.08146485492925816,0.08146485492925816,0.08146485492925816,1619,Cingulum_Mid_R,ParaHippocampal_L
3272,33,39,34,40,0.051393913811747564,0.051393913811747564,0.051393913811747564,2530,Cingulum_Mid_R,ParaHippocampal_R
3273,33,40,34,41,-0.0656765300867874,0.0656765300867874,0.0656765300867874,2046,Cingulum_Mid_R,Amygdala_L
3274,33,41,34,42,0.018775358855653224,0.018775358855653224,0.018775358855653224,4240,Cingulum_Mid_R,Amygdala_R
3275,33,42,34,43,0.03412525513072961,0.03412525513072961,0.03412525513072961,3302,Cingulum_Mid_R,Calcarine_L
3276,33,43,34,44,0.012801404230245839,0.012801404230245839,0.012801404230245839,4646,Cingulum_Mid_R,Calcarine_R
3277,33,44,34,45,0.03231096115446377,0.03231096115446377,0.03231096115446377,3412,Cingulum_Mid_R,Cuneus_L
3278,33,45,34,46,0.037166687242886326,0.037166687242886326,0.037166687242886326,3153,Cingulum_Mid_R,Cuneus_R
3279,33,46,34,47,-0.0013917888849641557,0.0013917888849641557,0.0013917888849641557,5476,Cingulum_Mid_R,Lingual_L
3280,33,47,34,48,-0.002050281551493593,0.002050281551493593,0.002050281551493593,5421,Cingulum_Mid_R,Lingual_R
3281,33,48,34,49,0.025541317966478093,0.025541317966478093,0.025541317966478093,3817,Cingulum_Mid_R,Occipital_Sup_L
3282,33,49,34,50,0.010569763504541786,0.010569763504541786,0.010569763504541786,4808,Cingulum_Mid_R,Occipital_Sup_R
3283,33,50,34,51,0.09732849461702611,0.09732849461702611,0.09732849461702611,1294,Cingulum_Mid_R,Occipital_Mid_L
3284,33,51,34,52,0.0553569411467082,0.0553569411467082,0.0553569411467082,2387,Cingulum_Mid_R,Occipital_Mid_R
3285,33,52,34,53,0.06928117240926454,0.06928117240926454,0.06928117240926454,1924,Cingulum_Mid_R,Occipital_Inf_L
3286,33,53,34,54,-0.001759244849794018,0.001759244849794018,0.001759244849794018,5444,Cingulum_Mid_R,Occipital_Inf_R
3287,33,54,34,55,-0.023009125068937594,0.023009125068937594,0.023009125068937594,3975,Cingulum_Mid_R,Fusiform_L
3288,33,55,34,56,-0.0016684423346082552,0.0016684423346082552,0.0016684423346082552,5455,Cingulum_Mid_R,Fusiform_R
3289,33,56,34,57,-0.03882738014339827,0.03882738014339827,0.03882738014339827,3085,Cingulum_Mid_R,Postcentral_L
3290,33,57,34,58,-0.0671329629537171,0.0671329629537171,0.0671329629537171,1992,Cingulum_Mid_R,Postcentral_R
3291,33,58,34,59,0.0004949780765563438,0.0004949780765563438,0.0004949780765563438,6125,Cingulum_Mid_R,Parietal_Sup_L
3292,33,59,34,60,0.0005687094881990416,0.0005687094881990416,0.0005687094881990416,5807,Cingulum_Mid_R,Parietal_Sup_R
3293,33,60,34,61,-0.3717535624356076,0.3717535624356076,0.3717535624356076,30,Cingulum_Mid_R,Parietal_Inf_L
3294,33,61,34,62,0.0004731885849899292,0.0004731885849899292,0.0004731885849899292,6326,Cingulum_Mid_R,Parietal_Inf_R
3295,33,62,34,63,0.0005083153781104304,0.0005083153781104304,0.0005083153781104304,6035,Cingulum_Mid_R,SupraMarginal_L
3296,33,63,34,64,0.2202896447654448,0.2202896447654448,0.2202896447654448,242,Cingulum_Mid_R,SupraMarginal_R
3297,33,64,34,65,-0.061899578545802275,0.061899578545802275,0.061899578545802275,2160,Cingulum_Mid_R,Angular_L
3298,33,65,34,66,0.0008678136054299317,0.0008678136054299317,0.0008678136054299317,5572,Cingulum_Mid_R,Angular_R
3299,33,66,34,67,0.1045858886789339,0.1045858886789339,0.1045858886789339,1162,Cingulum_Mid_R,Precuneus_L
3300,33,67,34,68,0.027450729690833255,0.027450729690833255,0.027450729690833255,3704,Cingulum_Mid_R,Precuneus_R
3301,33,68,34,69,-0.1287143580218554,0.1287143580218554,0.1287143580218554,836,Cingulum_Mid_R,Paracentral_Lobule_L
3302,33,69,34,70,-0.05889075704753216,0.05889075704753216,0.05889075704753216,2264,Cingulum_Mid_R,Paracentral_Lobule_R
3303,33,70,34,71,-0.03540143176605871,0.03540143176605871,0.03540143176605871,3230,Cingulum_Mid_R,Caudate_L
3304,33,71,34,72,0.0046937084377539455,0.0046937084377539455,0.0046937084377539455,5220,Cingulum_Mid_R,Caudate_R
3305,33,72,34,73,-0.05093796690135303,0.05093796690135303,0.05093796690135303,2548,Cingulum_Mid_R,Putamen_L
3306,33,73,34,74,0.0768711049716814,0.0768711049716814,0.0768711049716814,1736,Cingulum_Mid_R,Putamen_R
3307,33,74,34,75,-0.10294802537318662,0.10294802537318662,0.10294802537318662,1198,Cingulum_Mid_R,Pallidum_L
3308,33,75,34,76,-0.07528382232626075,0.07528382232626075,0.07528382232626075,1776,Cingulum_Mid_R,Pallidum_R
3309,33,76,34,77,-0.14754298964879248,0.14754298964879248,0.14754298964879248,642,Cingulum_Mid_R,Thalamus_L
3310,33,77,34,78,0.015112242679356605,0.015112242679356605,0.015112242679356605,4474,Cingulum_Mid_R,Thalamus_R
3311,33,78,34,79,0.02197913257306454,0.02197913257306454,0.02197913257306454,4049,Cingulum_Mid_R,Heschl_L
3312,33,79,34,80,0.06853298032268036,0.06853298032268036,0.06853298032268036,1944,Cingulum_Mid_R,Heschl_R
3313,33,80,34,81,-0.11054787832911253,0.11054787832911253,0.11054787832911253,1076,Cingulum_Mid_R,Temporal_Sup_L
3314,33,81,34,82,0.02763906664507385,0.02763906664507385,0.02763906664507385,3692,Cingulum_Mid_R,Temporal_Sup_R
3315,33,82,34,83,-0.12246890057275749,0.12246890057275749,0.12246890057275749,904,Cingulum_Mid_R,Temporal_Pole_Sup_L
3316,33,83,34,84,-0.03609840762546326,0.03609840762546326,0.03609840762546326,3201,Cingulum_Mid_R,Temporal_Pole_Sup_R
3317,33,84,34,85,-0.04352043369814127,0.04352043369814127,0.04352043369814127,2852,Cingulum_Mid_R,Temporal_Mid_L
3318,33,85,34,86,0.07892635670037777,0.07892635670037777,0.07892635670037777,1676,Cingulum_Mid_R,Temporal_Mid_R
3319,33,86,34,87,0.06374323757562601,0.06374323757562601,0.06374323757562601,2106,Cingulum_Mid_R,Temporal_Pole_Mid_L
3320,33,87,34,88,-0.041242975328022166,0.041242975328022166,0.041242975328022166,2958,Cingulum_Mid_R,Temporal_Pole_Mid_R
3321,33,88,34,89,-0.20244843931670276,0.20244843931670276,0.20244843931670276,295,Cingulum_Mid_R,Temporal_Inf_L
3322,33,89,34,90,0.06200909719738691,0.06200909719738691,0.06200909719738691,2156,Cingulum_Mid_R,Temporal_Inf_R
3323,33,90,34,91,-0.010366934056449484,0.010366934056449484,0.010366934056449484,4819,Cingulum_Mid_R,Cerebelum_Crus1_L
3324,33,91,34,92,0.008754002220190725,0.008754002220190725,0.008754002220190725,4934,Cingulum_Mid_R,Cerebelum_Crus1_R
3325,33,92,34,93,0.06588169824151928,0.06588169824151928,0.06588169824151928,2041,Cingulum_Mid_R,Cerebelum_Crus2_L
3326,33,93,34,94,0.023124642665380505,0.023124642665380505,0.023124642665380505,3968,Cingulum_Mid_R,Cerebelum_Crus2_R
3327,33,94,34,95,0.03661672991643436,0.03661672991643436,0.03661672991643436,3177,Cingulum_Mid_R,Cerebelum_3_L
3328,33,95,34,96,0.17147914449474924,0.17147914449474924,0.17147914449474924,463,Cingulum_Mid_R,Cerebelum_3_R
3329,33,96,34,97,-0.0029527837596083225,0.0029527837596083225,0.0029527837596083225,5361,Cingulum_Mid_R,Cerebelum_4_5_L
3330,33,97,34,98,-0.008553666407489032,0.008553666407489032,0.008553666407489032,4944,Cingulum_Mid_R,Cerebelum_4_5_R
3331,33,98,34,99,0.09919095949537984,0.09919095949537984,0.09919095949537984,1263,Cingulum_Mid_R,Cerebelum_6_L
3332,33,99,34,100,0.01306847997631989,0.01306847997631989,0.01306847997631989,4629,Cingulum_Mid_R,Cerebelum_6_R
3333,33,100,34,101,-0.08211884763043543,0.08211884763043543,0.08211884763043543,1607,Cingulum_Mid_R,Cerebelum_7b_L
3334,33,101,34,102,-0.30286775865656335,0.30286775865656335,0.30286775865656335,74,Cingulum_Mid_R,Cerebelum_7b_R
3335,33,102,34,103,0.03541658350508309,0.03541658350508309,0.03541658350508309,3227,Cingulum_Mid_R,Cerebelum_8_L
3336,33,103,34,104,-0.029762180405841557,0.029762180405841557,0.029762180405841557,3576,Cingulum_Mid_R,Cerebelum_8_R
3337,33,104,34,105,0.1899202917286508,0.1899202917286508,0.1899202917286508,360,Cingulum_Mid_R,Cerebelum_9_L
3338,33,105,34,106,0.01579528159097933,0.01579528159097933,0.01579528159097933,4431,Cingulum_Mid_R,Cerebelum_9_R
3339,33,106,34,107,0.00812784941475006,0.00812784941475006,0.00812784941475006,4982,Cingulum_Mid_R,Cerebelum_10_L
3340,33,107,34,108,0.11708769121874543,0.11708769121874543,0.11708769121874543,975,Cingulum_Mid_R,Cerebelum_10_R
3341,33,108,34,109,-0.019877600576972146,0.019877600576972146,0.019877600576972146,4169,Cingulum_Mid_R,Vermis_1_2
3342,33,109,34,110,0.0015321446737858173,0.0015321446737858173,0.0015321446737858173,5466,Cingulum_Mid_R,Vermis_3
3343,33,110,34,111,-0.007707006590230454,0.007707006590230454,0.007707006590230454,5008,Cingulum_Mid_R,Vermis_4_5
3344,33,111,34,112,0.017746698485145932,0.017746698485145932,0.017746698485145932,4292,Cingulum_Mid_R,Vermis_6
3345,33,112,34,113,0.005551643853199428,0.005551643853199428,0.005551643853199428,5147,Cingulum_Mid_R,Vermis_7
3346,33,113,34,114,0.026589507514077265,0.026589507514077265,0.026589507514077265,3754,Cingulum_Mid_R,Vermis_8
3347,33,114,34,115,0.03984227913140947,0.03984227913140947,0.03984227913140947,3039,Cingulum_Mid_R,Vermis_9
3348,33,115,34,116,-0.07623380255972464,0.07623380255972464,0.07623380255972464,1752,Cingulum_Mid_R,Vermis_10
3349,34,35,35,36,0.005759718725728348,0.005759718725728348,0.005759718725728348,5131,Cingulum_Post_L,Cingulum_Post_R
3350,34,36,35,37,0.02298140107790748,0.02298140107790748,0.02298140107790748,3979,Cingulum_Post_L,Hippocampus_L
3351,34,37,35,38,0.03267155384640048,0.03267155384640048,0.03267155384640048,3396,Cingulum_Post_L,Hippocampus_R
3352,34,38,35,39,0.0532378399177634,0.0532378399177634,0.0532378399177634,2458,Cingulum_Post_L,ParaHippocampal_L
3353,34,39,35,40,0.03428061269425135,0.03428061269425135,0.03428061269425135,3292,Cingulum_Post_L,ParaHippocampal_R
3354,34,40,35,41,0.04519901771754566,0.04519901771754566,0.04519901771754566,2774,Cingulum_Post_L,Amygdala_L
3355,34,41,35,42,-0.05540919818001643,0.05540919818001643,0.05540919818001643,2383,Cingulum_Post_L,Amygdala_R
3356,34,42,35,43,0.04552864156463561,0.04552864156463561,0.04552864156463561,2767,Cingulum_Post_L,Calcarine_L
3357,34,43,35,44,0.022883497136545975,0.022883497136545975,0.022883497136545975,3986,Cingulum_Post_L,Calcarine_R
3358,34,44,35,45,-0.027934616000310997,0.027934616000310997,0.027934616000310997,3675,Cingulum_Post_L,Cuneus_L
3359,34,45,35,46,-0.005120793462003236,0.005120793462003236,0.005120793462003236,5187,Cingulum_Post_L,Cuneus_R
3360,34,46,35,47,0.03160801038128452,0.03160801038128452,0.03160801038128452,3454,Cingulum_Post_L,Lingual_L
3361,34,47,35,48,0.015937041630979313,0.015937041630979313,0.015937041630979313,4419,Cingulum_Post_L,Lingual_R
3362,34,48,35,49,0.004070057638671023,0.004070057638671023,0.004070057638671023,5264,Cingulum_Post_L,Occipital_Sup_L
3363,34,49,35,50,0.014587646965893613,0.014587646965893613,0.014587646965893613,4504,Cingulum_Post_L,Occipital_Sup_R
3364,34,50,35,51,0.03892904087355885,0.03892904087355885,0.03892904087355885,3081,Cingulum_Post_L,Occipital_Mid_L
3365,34,51,35,52,-0.009885698094932038,0.009885698094932038,0.009885698094932038,4858,Cingulum_Post_L,Occipital_Mid_R
3366,34,52,35,53,-0.0020183173256459433,0.0020183173256459433,0.0020183173256459433,5423,Cingulum_Post_L,Occipital_Inf_L
3367,34,53,35,54,-0.03540046893940106,0.03540046893940106,0.03540046893940106,3232,Cingulum_Post_L,Occipital_Inf_R
3368,34,54,35,55,0.030887429926322416,0.030887429926322416,0.030887429926322416,3502,Cingulum_Post_L,Fusiform_L
3369,34,55,35,56,0.010367671693137273,0.010367671693137273,0.010367671693137273,4818,Cingulum_Post_L,Fusiform_R
3370,34,56,35,57,0.0538444149876504,0.0538444149876504,0.0538444149876504,2439,Cingulum_Post_L,Postcentral_L
3371,34,57,35,58,0.07864848571120951,0.07864848571120951,0.07864848571120951,1685,Cingulum_Post_L,Postcentral_R
3372,34,58,35,59,0.0005337069774171748,0.0005337069774171748,0.0005337069774171748,5908,Cingulum_Post_L,Parietal_Sup_L
3373,34,59,35,60,0.0005813380746250509,0.0005813380746250509,0.0005813380746250509,5782,Cingulum_Post_L,Parietal_Sup_R
3374,34,60,35,61,-0.1285043261365617,0.1285043261365617,0.1285043261365617,840,Cingulum_Post_L,Parietal_Inf_L
3375,34,61,35,62,0.0004966650360104087,0.0004966650360104087,0.0004966650360104087,6110,Cingulum_Post_L,Parietal_Inf_R
3376,34,62,35,63,0.0005112977541936535,0.0005112977541936535,0.0005112977541936535,6014,Cingulum_Post_L,SupraMarginal_L
3377,34,63,35,64,0.1911639316328021,0.1911639316328021,0.1911639316328021,349,Cingulum_Post_L,SupraMarginal_R
3378,34,64,35,65,0.09779490724769554,0.09779490724769554,0.09779490724769554,1284,Cingulum_Post_L,Angular_L
3379,34,65,35,66,0.0008654502663888005,0.0008654502663888005,0.0008654502663888005,5576,Cingulum_Post_L,Angular_R
3380,34,66,35,67,0.01147833481238942,0.01147833481238942,0.01147833481238942,4757,Cingulum_Post_L,Precuneus_L
3381,34,67,35,68,0.04167739493702992,0.04167739493702992,0.04167739493702992,2936,Cingulum_Post_L,Precuneus_R
3382,34,68,35,69,-0.03175530759335614,0.03175530759335614,0.03175530759335614,3448,Cingulum_Post_L,Paracentral_Lobule_L
3383,34,69,35,70,0.015636227407112197,0.015636227407112197,0.015636227407112197,4440,Cingulum_Post_L,Paracentral_Lobule_R
3384,34,70,35,71,0.003104606054029836,0.003104606054029836,0.003104606054029836,5345,Cingulum_Post_L,Caudate_L
3385,34,71,35,72,-0.004358607314520738,0.004358607314520738,0.004358607314520738,5242,Cingulum_Post_L,Caudate_R
3386,34,72,35,73,0.028120574003836205,0.028120574003836205,0.028120574003836205,3662,Cingulum_Post_L,Putamen_L
3387,34,73,35,74,0.11689494963770272,0.11689494963770272,0.11689494963770272,979,Cingulum_Post_L,Putamen_R
3388,34,74,35,75,-0.04711580911474847,0.04711580911474847,0.04711580911474847,2698,Cingulum_Post_L,Pallidum_L
3389,34,75,35,76,0.05916489681433282,0.05916489681433282,0.05916489681433282,2256,Cingulum_Post_L,Pallidum_R
3390,34,76,35,77,0.047533185099339285,0.047533185099339285,0.047533185099339285,2678,Cingulum_Post_L,Thalamus_L
3391,34,77,35,78,0.06612331888458402,0.06612331888458402,0.06612331888458402,2034,Cingulum_Post_L,Thalamus_R
3392,34,78,35,79,0.035203510878149505,0.035203510878149505,0.035203510878149505,3244,Cingulum_Post_L,Heschl_L
3393,34,79,35,80,0.03365956360989416,0.03365956360989416,0.03365956360989416,3329,Cingulum_Post_L,Heschl_R
3394,34,80,35,81,0.006973949299983055,0.006973949299983055,0.006973949299983055,5051,Cingulum_Post_L,Temporal_Sup_L
3395,34,81,35,82,-0.061457779643207894,0.061457779643207894,0.061457779643207894,2184,Cingulum_Post_L,Temporal_Sup_R
3396,34,82,35,83,-0.004011658850847649,0.004011658850847649,0.004011658850847649,5274,Cingulum_Post_L,Temporal_Pole_Sup_L
3397,34,83,35,84,0.029423338389674054,0.029423338389674054,0.029423338389674054,3596,Cingulum_Post_L,Temporal_Pole_Sup_R
3398,34,84,35,85,0.02512753257366697,0.02512753257366697,0.02512753257366697,3843,Cingulum_Post_L,Temporal_Mid_L
3399,34,85,35,86,-0.03306760664022599,0.03306760664022599,0.03306760664022599,3367,Cingulum_Post_L,Temporal_Mid_R
3400,34,86,35,87,-0.06881793666653044,0.06881793666653044,0.06881793666653044,1936,Cingulum_Post_L,Temporal_Pole_Mid_L
3401,34,87,35,88,-0.013648260580557152,0.013648260580557152,0.013648260580557152,4589,Cingulum_Post_L,Temporal_Pole_Mid_R
3402,34,88,35,89,-0.1081505742705912,0.1081505742705912,0.1081505742705912,1108,Cingulum_Post_L,Temporal_Inf_L
3403,34,89,35,90,-0.11432481140482734,0.11432481140482734,0.11432481140482734,1017,Cingulum_Post_L,Temporal_Inf_R
3404,34,90,35,91,-0.09173582215540663,0.09173582215540663,0.09173582215540663,1407,Cingulum_Post_L,Cerebelum_Crus1_L
3405,34,91,35,92,0.09165911687815158,0.09165911687815158,0.09165911687815158,1409,Cingulum_Post_L,Cerebelum_Crus1_R
3406,34,92,35,93,-0.028106130066659907,0.028106130066659907,0.028106130066659907,3664,Cingulum_Post_L,Cerebelum_Crus2_L
3407,34,93,35,94,-0.01240484565649798,0.01240484565649798,0.01240484565649798,4684,Cingulum_Post_L,Cerebelum_Crus2_R
3408,34,94,35,95,0.16306316031185716,0.16306316031185716,0.16306316031185716,512,Cingulum_Post_L,Cerebelum_3_L
3409,34,95,35,96,0.02190128185170222,0.02190128185170222,0.02190128185170222,4056,Cingulum_Post_L,Cerebelum_3_R
3410,34,96,35,97,0.08300268683460434,0.08300268683460434,0.08300268683460434,1590,Cingulum_Post_L,Cerebelum_4_5_L
3411,34,97,35,98,-0.02682649794192885,0.02682649794192885,0.02682649794192885,3739,Cingulum_Post_L,Cerebelum_4_5_R
3412,34,98,35,99,0.16112928054706416,0.16112928054706416,0.16112928054706416,521,Cingulum_Post_L,Cerebelum_6_L
3413,34,99,35,100,0.02057054751495618,0.02057054751495618,0.02057054751495618,4135,Cingulum_Post_L,Cerebelum_6_R
3414,34,100,35,101,-0.011571942401488159,0.011571942401488159,0.011571942401488159,4746,Cingulum_Post_L,Cerebelum_7b_L
3415,34,101,35,102,-0.09236537656312743,0.09236537656312743,0.09236537656312743,1395,Cingulum_Post_L,Cerebelum_7b_R
3416,34,102,35,103,0.09571347421487514,0.09571347421487514,0.09571347421487514,1323,Cingulum_Post_L,Cerebelum_8_L
3417,34,103,35,104,0.12253771939479326,0.12253771939479326,0.12253771939479326,902,Cingulum_Post_L,Cerebelum_8_R
3418,34,104,35,105,0.011907010004615427,0.011907010004615427,0.011907010004615427,4719,Cingulum_Post_L,Cerebelum_9_L
3419,34,105,35,106,-0.037489696881661524,0.037489696881661524,0.037489696881661524,3138,Cingulum_Post_L,Cerebelum_9_R
3420,34,106,35,107,-0.014189673670411724,0.014189673670411724,0.014189673670411724,4535,Cingulum_Post_L,Cerebelum_10_L
3421,34,107,35,108,0.24158731825711577,0.24158731825711577,0.24158731825711577,179,Cingulum_Post_L,Cerebelum_10_R
3422,34,108,35,109,-0.057417918045312155,0.057417918045312155,0.057417918045312155,2322,Cingulum_Post_L,Vermis_1_2
3423,34,109,35,110,0.0511029722012228,0.0511029722012228,0.0511029722012228,2540,Cingulum_Post_L,Vermis_3
3424,34,110,35,111,0.03991160976587887,0.03991160976587887,0.03991160976587887,3034,Cingulum_Post_L,Vermis_4_5
3425,34,111,35,112,0.07774801734353656,0.07774801734353656,0.07774801734353656,1713,Cingulum_Post_L,Vermis_6
3426,34,112,35,113,0.01414861082529404,0.01414861082529404,0.01414861082529404,4538,Cingulum_Post_L,Vermis_7
3427,34,113,35,114,-0.001879844252029111,0.001879844252029111,0.001879844252029111,5433,Cingulum_Post_L,Vermis_8
3428,34,114,35,115,-0.0024499577757652945,0.0024499577757652945,0.0024499577757652945,5390,Cingulum_Post_L,Vermis_9
3429,34,115,35,116,0.03528770999832295,0.03528770999832295,0.03528770999832295,3240,Cingulum_Post_L,Vermis_10
3430,35,36,36,37,-0.007414126054689995,0.007414126054689995,0.007414126054689995,5023,Cingulum_Post_R,Hippocampus_L
3431,35,37,36,38,0.04578251591223762,0.04578251591223762,0.04578251591223762,2753,Cingulum_Post_R,Hippocampus_R
3432,35,38,36,39,-0.05058001316819114,0.05058001316819114,0.05058001316819114,2566,Cingulum_Post_R,ParaHippocampal_L
3433,35,39,36,40,-0.0031209858314433414,0.0031209858314433414,0.0031209858314433414,5342,Cingulum_Post_R,ParaHippocampal_R
3434,35,40,36,41,0.07748827159397978,0.07748827159397978,0.07748827159397978,1717,Cingulum_Post_R,Amygdala_L
3435,35,41,36,42,0.0019596911888806324,0.0019596911888806324,0.0019596911888806324,5429,Cingulum_Post_R,Amygdala_R
3436,35,42,36,43,-0.00025410256111871077,0.00025410256111871077,0.00025410256111871077,6649,Cingulum_Post_R,Calcarine_L
3437,35,43,36,44,-0.011608690331030147,0.011608690331030147,0.011608690331030147,4743,Cingulum_Post_R,Calcarine_R
3438,35,44,36,45,-0.04209140900266111,0.04209140900266111,0.04209140900266111,2907,Cingulum_Post_R,Cuneus_L
3439,35,45,36,46,-0.04133581829362099,0.04133581829362099,0.04133581829362099,2950,Cingulum_Post_R,Cuneus_R
3440,35,46,36,47,-0.026487777606778565,0.026487777606778565,0.026487777606778565,3760,Cingulum_Post_R,Lingual_L
3441,35,47,36,48,-0.03222470523792815,0.03222470523792815,0.03222470523792815,3420,Cingulum_Post_R,Lingual_R
3442,35,48,36,49,-0.06346950751411395,0.06346950751411395,0.06346950751411395,2116,Cingulum_Post_R,Occipital_Sup_L
3443,35,49,36,50,-0.0412352331927293,0.0412352331927293,0.0412352331927293,2959,Cingulum_Post_R,Occipital_Sup_R
3444,35,50,36,51,-0.03140920940644656,0.03140920940644656,0.03140920940644656,3465,Cingulum_Post_R,Occipital_Mid_L
3445,35,51,36,52,-0.06526783305458062,0.06526783305458062,0.06526783305458062,2053,Cingulum_Post_R,Occipital_Mid_R
3446,35,52,36,53,0.007977667618615443,0.007977667618615443,0.007977667618615443,4993,Cingulum_Post_R,Occipital_Inf_L
3447,35,53,36,54,-0.05072308211164755,0.05072308211164755,0.05072308211164755,2560,Cingulum_Post_R,Occipital_Inf_R
3448,35,54,36,55,0.022111354611971196,0.022111354611971196,0.022111354611971196,4041,Cingulum_Post_R,Fusiform_L
3449,35,55,36,56,-0.02243715627450339,0.02243715627450339,0.02243715627450339,4022,Cingulum_Post_R,Fusiform_R
3450,35,56,36,57,0.038617252988342905,0.038617252988342905,0.038617252988342905,3092,Cingulum_Post_R,Postcentral_L
3451,35,57,36,58,0.023843583534920203,0.023843583534920203,0.023843583534920203,3915,Cingulum_Post_R,Postcentral_R
3452,35,58,36,59,0.000501767483497499,0.000501767483497499,0.000501767483497499,6078,Cingulum_Post_R,Parietal_Sup_L
3453,35,59,36,60,0.0005654875423893854,0.0005654875423893854,0.0005654875423893854,5818,Cingulum_Post_R,Parietal_Sup_R
3454,35,60,36,61,-0.19093929212438876,0.19093929212438876,0.19093929212438876,350,Cingulum_Post_R,Parietal_Inf_L
3455,35,61,36,62,0.00048661297542884645,0.00048661297542884645,0.00048661297542884645,6178,Cingulum_Post_R,Parietal_Inf_R
3456,35,62,36,63,0.0005074328379885066,0.0005074328379885066,0.0005074328379885066,6042,Cingulum_Post_R,SupraMarginal_L
3457,35,63,36,64,0.11299210608100402,0.11299210608100402,0.11299210608100402,1038,Cingulum_Post_R,SupraMarginal_R
3458,35,64,36,65,-0.09453704041306367,0.09453704041306367,0.09453704041306367,1349,Cingulum_Post_R,Angular_L
3459,35,65,36,66,0.0008414598420694594,0.0008414598420694594,0.0008414598420694594,5618,Cingulum_Post_R,Angular_R
3460,35,66,36,67,0.015737235809340056,0.015737235809340056,0.015737235809340056,4436,Cingulum_Post_R,Precuneus_L
3461,35,67,36,68,-0.03750725221465433,0.03750725221465433,0.03750725221465433,3135,Cingulum_Post_R,Precuneus_R
3462,35,68,36,69,-0.042025735948427255,0.042025735948427255,0.042025735948427255,2912,Cingulum_Post_R,Paracentral_Lobule_L
3463,35,69,36,70,0.054428516534322055,0.054428516534322055,0.054428516534322055,2418,Cingulum_Post_R,Paracentral_Lobule_R
3464,35,70,36,71,0.02994229882609773,0.02994229882609773,0.02994229882609773,3565,Cingulum_Post_R,Caudate_L
3465,35,71,36,72,0.10772808373309402,0.10772808373309402,0.10772808373309402,1113,Cingulum_Post_R,Caudate_R
3466,35,72,36,73,0.14970080587851897,0.14970080587851897,0.14970080587851897,621,Cingulum_Post_R,Putamen_L
3467,35,73,36,74,0.156700604872305,0.156700604872305,0.156700604872305,555,Cingulum_Post_R,Putamen_R
3468,35,74,36,75,-0.04040892105252358,0.04040892105252358,0.04040892105252358,3006,Cingulum_Post_R,Pallidum_L
3469,35,75,36,76,-0.040168648002670865,0.040168648002670865,0.040168648002670865,3026,Cingulum_Post_R,Pallidum_R
3470,35,76,36,77,-0.09394015816142888,0.09394015816142888,0.09394015816142888,1362,Cingulum_Post_R,Thalamus_L
3471,35,77,36,78,-0.02734773541600751,0.02734773541600751,0.02734773541600751,3714,Cingulum_Post_R,Thalamus_R
3472,35,78,36,79,-0.02236809843692743,0.02236809843692743,0.02236809843692743,4025,Cingulum_Post_R,Heschl_L
3473,35,79,36,80,-0.04150997172856466,0.04150997172856466,0.04150997172856466,2942,Cingulum_Post_R,Heschl_R
3474,35,80,36,81,-0.03329963925344589,0.03329963925344589,0.03329963925344589,3355,Cingulum_Post_R,Temporal_Sup_L
3475,35,81,36,82,-0.12355203483856822,0.12355203483856822,0.12355203483856822,893,Cingulum_Post_R,Temporal_Sup_R
3476,35,82,36,83,0.05923298060502871,0.05923298060502871,0.05923298060502871,2253,Cingulum_Post_R,Temporal_Pole_Sup_L
3477,35,83,36,84,-0.08909457693490505,0.08909457693490505,0.08909457693490505,1456,Cingulum_Post_R,Temporal_Pole_Sup_R
3478,35,84,36,85,-0.0915524705081991,0.0915524705081991,0.0915524705081991,1411,Cingulum_Post_R,Temporal_Mid_L
3479,35,85,36,86,-0.23559275645619684,0.23559275645619684,0.23559275645619684,200,Cingulum_Post_R,Temporal_Mid_R
3480,35,86,36,87,-0.0572538792157082,0.0572538792157082,0.0572538792157082,2325,Cingulum_Post_R,Temporal_Pole_Mid_L
3481,35,87,36,88,-0.14329803509942535,0.14329803509942535,0.14329803509942535,694,Cingulum_Post_R,Temporal_Pole_Mid_R
3482,35,88,36,89,-0.12739771852280482,0.12739771852280482,0.12739771852280482,854,Cingulum_Post_R,Temporal_Inf_L
3483,35,89,36,90,-0.19755704114913833,0.19755704114913833,0.19755704114913833,312,Cingulum_Post_R,Temporal_Inf_R
3484,35,90,36,91,0.02823890486580271,0.02823890486580271,0.02823890486580271,3650,Cingulum_Post_R,Cerebelum_Crus1_L
3485,35,91,36,92,0.14516634948677964,0.14516634948677964,0.14516634948677964,671,Cingulum_Post_R,Cerebelum_Crus1_R
3486,35,92,36,93,0.048255778084346196,0.048255778084346196,0.048255778084346196,2651,Cingulum_Post_R,Cerebelum_Crus2_L
3487,35,93,36,94,0.024488572639585787,0.024488572639585787,0.024488572639585787,3881,Cingulum_Post_R,Cerebelum_Crus2_R
3488,35,94,36,95,-0.010267849769655545,0.010267849769655545,0.010267849769655545,4833,Cingulum_Post_R,Cerebelum_3_L
3489,35,95,36,96,0.26304090790956275,0.26304090790956275,0.26304090790956275,121,Cingulum_Post_R,Cerebelum_3_R
3490,35,96,36,97,0.06617251306089325,0.06617251306089325,0.06617251306089325,2032,Cingulum_Post_R,Cerebelum_4_5_L
3491,35,97,36,98,0.021737017114314874,0.021737017114314874,0.021737017114314874,4066,Cingulum_Post_R,Cerebelum_4_5_R
3492,35,98,36,99,0.13757164932596727,0.13757164932596727,0.13757164932596727,752,Cingulum_Post_R,Cerebelum_6_L
3493,35,99,36,100,-0.05578568505227819,0.05578568505227819,0.05578568505227819,2374,Cingulum_Post_R,Cerebelum_6_R
3494,35,100,36,101,0.07736868129779052,0.07736868129779052,0.07736868129779052,1721,Cingulum_Post_R,Cerebelum_7b_L
3495,35,101,36,102,-0.02425735571090008,0.02425735571090008,0.02425735571090008,3895,Cingulum_Post_R,Cerebelum_7b_R
3496,35,102,36,103,0.09532312358328725,0.09532312358328725,0.09532312358328725,1328,Cingulum_Post_R,Cerebelum_8_L
3497,35,103,36,104,0.07398490765834911,0.07398490765834911,0.07398490765834911,1802,Cingulum_Post_R,Cerebelum_8_R
3498,35,104,36,105,0.08726089201375972,0.08726089201375972,0.08726089201375972,1496,Cingulum_Post_R,Cerebelum_9_L
3499,35,105,36,106,0.04413184191083441,0.04413184191083441,0.04413184191083441,2825,Cingulum_Post_R,Cerebelum_9_R
3500,35,106,36,107,0.012108500689437238,0.012108500689437238,0.012108500689437238,4705,Cingulum_Post_R,Cerebelum_10_L
3501,35,107,36,108,0.13096631658411473,0.13096631658411473,0.13096631658411473,812,Cingulum_Post_R,Cerebelum_10_R
3502,35,108,36,109,-0.05138859810872129,0.05138859810872129,0.05138859810872129,2532,Cingulum_Post_R,Vermis_1_2
3503,35,109,36,110,0.024790159640993643,0.024790159640993643,0.024790159640993643,3855,Cingulum_Post_R,Vermis_3
3504,35,110,36,111,0.05763184717553108,0.05763184717553108,0.05763184717553108,2308,Cingulum_Post_R,Vermis_4_5
3505,35,111,36,112,0.05262054316857648,0.05262054316857648,0.05262054316857648,2479,Cingulum_Post_R,Vermis_6
3506,35,112,36,113,0.047136987693010994,0.047136987693010994,0.047136987693010994,2694,Cingulum_Post_R,Vermis_7
3507,35,113,36,114,0.008261356321861871,0.008261356321861871,0.008261356321861871,4969,Cingulum_Post_R,Vermis_8
3508,35,114,36,115,-0.020525831609342814,0.020525831609342814,0.020525831609342814,4139,Cingulum_Post_R,Vermis_9
3509,35,115,36,116,0.08016253672894691,0.08016253672894691,0.08016253672894691,1652,Cingulum_Post_R,Vermis_10
3510,36,37,37,38,0.07848051633260142,0.07848051633260142,0.07848051633260142,1692,Hippocampus_L,Hippocampus_R
3511,36,38,37,39,0.16619839899730302,0.16619839899730302,0.16619839899730302,487,Hippocampus_L,ParaHippocampal_L
3512,36,39,37,40,0.06215014764867663,0.06215014764867663,0.06215014764867663,2152,Hippocampus_L,ParaHippocampal_R
3513,36,40,37,41,-0.053357810005655405,0.053357810005655405,0.053357810005655405,2451,Hippocampus_L,Amygdala_L
3514,36,41,37,42,-0.08355106596074986,0.08355106596074986,0.08355106596074986,1573,Hippocampus_L,Amygdala_R
3515,36,42,37,43,0.005509041222284026,0.005509041222284026,0.005509041222284026,5156,Hippocampus_L,Calcarine_L
3516,36,43,37,44,-0.016730994883085767,0.016730994883085767,0.016730994883085767,4355,Hippocampus_L,Calcarine_R
3517,36,44,37,45,0.01377733259546838,0.01377733259546838,0.01377733259546838,4577,Hippocampus_L,Cuneus_L
3518,36,45,37,46,0.04087613102945767,0.04087613102945767,0.04087613102945767,2981,Hippocampus_L,Cuneus_R
3519,36,46,37,47,-0.003485453233292869,0.003485453233292869,0.003485453233292869,5318,Hippocampus_L,Lingual_L
3520,36,47,37,48,0.012703810698421792,0.012703810698421792,0.012703810698421792,4656,Hippocampus_L,Lingual_R
3521,36,48,37,49,0.0031184902024313224,0.0031184902024313224,0.0031184902024313224,5343,Hippocampus_L,Occipital_Sup_L
3522,36,49,37,50,0.003520231394888961,0.003520231394888961,0.003520231394888961,5316,Hippocampus_L,Occipital_Sup_R
3523,36,50,37,51,-0.0006211584277399214,0.0006211584277399214,0.0006211584277399214,5713,Hippocampus_L,Occipital_Mid_L
3524,36,51,37,52,-0.0018414267178230685,0.0018414267178230685,0.0018414267178230685,5436,Hippocampus_L,Occipital_Mid_R
3525,36,52,37,53,0.00962382196353881,0.00962382196353881,0.00962382196353881,4878,Hippocampus_L,Occipital_Inf_L
3526,36,53,37,54,-0.029568409070341264,0.029568409070341264,0.029568409070341264,3587,Hippocampus_L,Occipital_Inf_R
3527,36,54,37,55,0.05449322987781253,0.05449322987781253,0.05449322987781253,2417,Hippocampus_L,Fusiform_L
3528,36,55,37,56,0.05330150571844113,0.05330150571844113,0.05330150571844113,2455,Hippocampus_L,Fusiform_R
3529,36,56,37,57,0.06245069686003241,0.06245069686003241,0.06245069686003241,2143,Hippocampus_L,Postcentral_L
3530,36,57,37,58,0.025575002354605123,0.025575002354605123,0.025575002354605123,3815,Hippocampus_L,Postcentral_R
3531,36,58,37,59,0.0005185567582451351,0.0005185567582451351,0.0005185567582451351,5970,Hippocampus_L,Parietal_Sup_L
3532,36,59,37,60,0.0005563829201468438,0.0005563829201468438,0.0005563829201468438,5846,Hippocampus_L,Parietal_Sup_R
3533,36,60,37,61,0.05276855495280938,0.05276855495280938,0.05276855495280938,2473,Hippocampus_L,Parietal_Inf_L
3534,36,61,37,62,0.0004962027643398399,0.0004962027643398399,0.0004962027643398399,6114,Hippocampus_L,Parietal_Inf_R
3535,36,62,37,63,0.0005205070547955944,0.0005205070547955944,0.0005205070547955944,5957,Hippocampus_L,SupraMarginal_L
3536,36,63,37,64,0.11992507331933622,0.11992507331933622,0.11992507331933622,940,Hippocampus_L,SupraMarginal_R
3537,36,64,37,65,-0.029846153147704366,0.029846153147704366,0.029846153147704366,3570,Hippocampus_L,Angular_L
3538,36,65,37,66,0.0008682286705496753,0.0008682286705496753,0.0008682286705496753,5570,Hippocampus_L,Angular_R
3539,36,66,37,67,0.02790247904401137,0.02790247904401137,0.02790247904401137,3678,Hippocampus_L,Precuneus_L
3540,36,67,37,68,0.11252859493421719,0.11252859493421719,0.11252859493421719,1048,Hippocampus_L,Precuneus_R
3541,36,68,37,69,-0.025177018697155266,0.025177018697155266,0.025177018697155266,3835,Hippocampus_L,Paracentral_Lobule_L
3542,36,69,37,70,-0.0066805084663506785,0.0066805084663506785,0.0066805084663506785,5072,Hippocampus_L,Paracentral_Lobule_R
3543,36,70,37,71,0.12639155955264367,0.12639155955264367,0.12639155955264367,861,Hippocampus_L,Caudate_L
3544,36,71,37,72,0.1527874334248056,0.1527874334248056,0.1527874334248056,596,Hippocampus_L,Caudate_R
3545,36,72,37,73,-0.32729272033653917,0.32729272033653917,0.32729272033653917,51,Hippocampus_L,Putamen_L
3546,36,73,37,74,-0.17694490432649707,0.17694490432649707,0.17694490432649707,427,Hippocampus_L,Putamen_R
3547,36,74,37,75,-0.06272965639503289,0.06272965639503289,0.06272965639503289,2131,Hippocampus_L,Pallidum_L
3548,36,75,37,76,-0.03335788658258778,0.03335788658258778,0.03335788658258778,3351,Hippocampus_L,Pallidum_R
3549,36,76,37,77,-3.1863343183990564e-06,3.1863343183990564e-06,3.1863343183990564e-06,6669,Hippocampus_L,Thalamus_L
3550,36,77,37,78,-0.07886581918086913,0.07886581918086913,0.07886581918086913,1681,Hippocampus_L,Thalamus_R
3551,36,78,37,79,-0.03727722054583971,0.03727722054583971,0.03727722054583971,3146,Hippocampus_L,Heschl_L
3552,36,79,37,80,0.06618913284839673,0.06618913284839673,0.06618913284839673,2031,Hippocampus_L,Heschl_R
3553,36,80,37,81,0.11677753086956277,0.11677753086956277,0.11677753086956277,981,Hippocampus_L,Temporal_Sup_L
3554,36,81,37,82,0.13839240072027742,0.13839240072027742,0.13839240072027742,747,Hippocampus_L,Temporal_Sup_R
3555,36,82,37,83,0.049812110066136187,0.049812110066136187,0.049812110066136187,2601,Hippocampus_L,Temporal_Pole_Sup_L
3556,36,83,37,84,0.09872283991980418,0.09872283991980418,0.09872283991980418,1270,Hippocampus_L,Temporal_Pole_Sup_R
3557,36,84,37,85,0.10970485512285764,0.10970485512285764,0.10970485512285764,1090,Hippocampus_L,Temporal_Mid_L
3558,36,85,37,86,0.12889781023052435,0.12889781023052435,0.12889781023052435,834,Hippocampus_L,Temporal_Mid_R
3559,36,86,37,87,-0.13571078419628618,0.13571078419628618,0.13571078419628618,767,Hippocampus_L,Temporal_Pole_Mid_L
3560,36,87,37,88,0.06841600195332455,0.06841600195332455,0.06841600195332455,1946,Hippocampus_L,Temporal_Pole_Mid_R
3561,36,88,37,89,-0.0835555877809598,0.0835555877809598,0.0835555877809598,1572,Hippocampus_L,Temporal_Inf_L
3562,36,89,37,90,-0.11627069559724477,0.11627069559724477,0.11627069559724477,987,Hippocampus_L,Temporal_Inf_R
3563,36,90,37,91,-0.051838738416591014,0.051838738416591014,0.051838738416591014,2512,Hippocampus_L,Cerebelum_Crus1_L
3564,36,91,37,92,-0.12992787319330948,0.12992787319330948,0.12992787319330948,824,Hippocampus_L,Cerebelum_Crus1_R
3565,36,92,37,93,-0.07047924011623874,0.07047924011623874,0.07047924011623874,1891,Hippocampus_L,Cerebelum_Crus2_L
3566,36,93,37,94,0.0006652555438725176,0.0006652555438725176,0.0006652555438725176,5657,Hippocampus_L,Cerebelum_Crus2_R
3567,36,94,37,95,0.06855484585518429,0.06855484585518429,0.06855484585518429,1942,Hippocampus_L,Cerebelum_3_L
3568,36,95,37,96,0.05646633843484376,0.05646633843484376,0.05646633843484376,2352,Hippocampus_L,Cerebelum_3_R
3569,36,96,37,97,-0.10689883948643318,0.10689883948643318,0.10689883948643318,1129,Hippocampus_L,Cerebelum_4_5_L
3570,36,97,37,98,-0.0151776985899602,0.0151776985899602,0.0151776985899602,4466,Hippocampus_L,Cerebelum_4_5_R
3571,36,98,37,99,0.08407512812237278,0.08407512812237278,0.08407512812237278,1557,Hippocampus_L,Cerebelum_6_L
3572,36,99,37,100,0.04864522756930056,0.04864522756930056,0.04864522756930056,2640,Hippocampus_L,Cerebelum_6_R
3573,36,100,37,101,-0.06590175964938402,0.06590175964938402,0.06590175964938402,2040,Hippocampus_L,Cerebelum_7b_L
3574,36,101,37,102,0.13089628973170075,0.13089628973170075,0.13089628973170075,813,Hippocampus_L,Cerebelum_7b_R
3575,36,102,37,103,-0.0565319934172914,0.0565319934172914,0.0565319934172914,2348,Hippocampus_L,Cerebelum_8_L
3576,36,103,37,104,0.03277319921297286,0.03277319921297286,0.03277319921297286,3386,Hippocampus_L,Cerebelum_8_R
3577,36,104,37,105,0.036490194282335416,0.036490194282335416,0.036490194282335416,3183,Hippocampus_L,Cerebelum_9_L
3578,36,105,37,106,0.028914670463906854,0.028914670463906854,0.028914670463906854,3615,Hippocampus_L,Cerebelum_9_R
3579,36,106,37,107,-0.07197716164547661,0.07197716164547661,0.07197716164547661,1850,Hippocampus_L,Cerebelum_10_L
3580,36,107,37,108,-0.00606943434831231,0.00606943434831231,0.00606943434831231,5114,Hippocampus_L,Cerebelum_10_R
3581,36,108,37,109,0.011685716708972017,0.011685716708972017,0.011685716708972017,4737,Hippocampus_L,Vermis_1_2
3582,36,109,37,110,0.019379830180421873,0.019379830180421873,0.019379830180421873,4200,Hippocampus_L,Vermis_3
3583,36,110,37,111,0.04800939399566698,0.04800939399566698,0.04800939399566698,2661,Hippocampus_L,Vermis_4_5
3584,36,111,37,112,0.07593924247087772,0.07593924247087772,0.07593924247087772,1762,Hippocampus_L,Vermis_6
3585,36,112,37,113,0.031525683483373965,0.031525683483373965,0.031525683483373965,3458,Hippocampus_L,Vermis_7
3586,36,113,37,114,0.00019633981010150516,0.00019633981010150516,0.00019633981010150516,6652,Hippocampus_L,Vermis_8
3587,36,114,37,115,-0.004979326639161796,0.004979326639161796,0.004979326639161796,5196,Hippocampus_L,Vermis_9
3588,36,115,37,116,0.03765717413529997,0.03765717413529997,0.03765717413529997,3128,Hippocampus_L,Vermis_10
3589,37,38,38,39,0.10745239682215856,0.10745239682215856,0.10745239682215856,1118,Hippocampus_R,ParaHippocampal_L
3590,37,39,38,40,-0.02319344819912666,0.02319344819912666,0.02319344819912666,3960,Hippocampus_R,ParaHippocampal_R
3591,37,40,38,41,0.025033730973681067,0.025033730973681067,0.025033730973681067,3850,Hippocampus_R,Amygdala_L
3592,37,41,38,42,-0.1121828936275497,0.1121828936275497,0.1121828936275497,1056,Hippocampus_R,Amygdala_R
3593,37,42,38,43,-0.02954982511114195,0.02954982511114195,0.02954982511114195,3589,Hippocampus_R,Calcarine_L
3594,37,43,38,44,-0.04376827025763065,0.04376827025763065,0.04376827025763065,2841,Hippocampus_R,Calcarine_R
3595,37,44,38,45,-0.02098644714644886,0.02098644714644886,0.02098644714644886,4112,Hippocampus_R,Cuneus_L
3596,37,45,38,46,-0.013362220444140106,0.013362220444140106,0.013362220444140106,4609,Hippocampus_R,Cuneus_R
3597,37,46,38,47,-0.05492669880026974,0.05492669880026974,0.05492669880026974,2399,Hippocampus_R,Lingual_L
3598,37,47,38,48,0.007784502447993405,0.007784502447993405,0.007784502447993405,5001,Hippocampus_R,Lingual_R
3599,37,48,38,49,-0.013466110241236557,0.013466110241236557,0.013466110241236557,4598,Hippocampus_R,Occipital_Sup_L
3600,37,49,38,50,-0.01968130963960279,0.01968130963960279,0.01968130963960279,4183,Hippocampus_R,Occipital_Sup_R
3601,37,50,38,51,-0.026248870757839105,0.026248870757839105,0.026248870757839105,3782,Hippocampus_R,Occipital_Mid_L
3602,37,51,38,52,-0.033662932116460945,0.033662932116460945,0.033662932116460945,3328,Hippocampus_R,Occipital_Mid_R
3603,37,52,38,53,0.010289995428562161,0.010289995428562161,0.010289995428562161,4826,Hippocampus_R,Occipital_Inf_L
3604,37,53,38,54,-0.040566550041543276,0.040566550041543276,0.040566550041543276,3001,Hippocampus_R,Occipital_Inf_R
3605,37,54,38,55,0.02940926832468799,0.02940926832468799,0.02940926832468799,3597,Hippocampus_R,Fusiform_L
3606,37,55,38,56,0.011622081796483281,0.011622081796483281,0.011622081796483281,4742,Hippocampus_R,Fusiform_R
3607,37,56,38,57,0.04277700556065165,0.04277700556065165,0.04277700556065165,2877,Hippocampus_R,Postcentral_L
3608,37,57,38,58,0.03329564281080034,0.03329564281080034,0.03329564281080034,3356,Hippocampus_R,Postcentral_R
3609,37,58,38,59,0.0005123564239372504,0.0005123564239372504,0.0005123564239372504,6004,Hippocampus_R,Parietal_Sup_L
3610,37,59,38,60,0.0005429349053857934,0.0005429349053857934,0.0005429349053857934,5888,Hippocampus_R,Parietal_Sup_R
3611,37,60,38,61,-0.0979940744920178,0.0979940744920178,0.0979940744920178,1282,Hippocampus_R,Parietal_Inf_L
3612,37,61,38,62,0.00048779259520634463,0.00048779259520634463,0.00048779259520634463,6167,Hippocampus_R,Parietal_Inf_R
3613,37,62,38,63,0.0005105096944464725,0.0005105096944464725,0.0005105096944464725,6017,Hippocampus_R,SupraMarginal_L
3614,37,63,38,64,-0.007464806921873018,0.007464806921873018,0.007464806921873018,5022,Hippocampus_R,SupraMarginal_R
3615,37,64,38,65,-0.06549144916413802,0.06549144916413802,0.06549144916413802,2048,Hippocampus_R,Angular_L
3616,37,65,38,66,0.0008637624822969241,0.0008637624822969241,0.0008637624822969241,5581,Hippocampus_R,Angular_R
3617,37,66,38,67,0.027274063423281723,0.027274063423281723,0.027274063423281723,3720,Hippocampus_R,Precuneus_L
3618,37,67,38,68,0.08392049729719896,0.08392049729719896,0.08392049729719896,1563,Hippocampus_R,Precuneus_R
3619,37,68,38,69,-0.009915728449034125,0.009915728449034125,0.009915728449034125,4855,Hippocampus_R,Paracentral_Lobule_L
3620,37,69,38,70,0.06643603387643465,0.06643603387643465,0.06643603387643465,2020,Hippocampus_R,Paracentral_Lobule_R
3621,37,70,38,71,0.05452260235654734,0.05452260235654734,0.05452260235654734,2416,Hippocampus_R,Caudate_L
3622,37,71,38,72,0.09763792358014362,0.09763792358014362,0.09763792358014362,1288,Hippocampus_R,Caudate_R
3623,37,72,38,73,-0.0035684658810204396,0.0035684658810204396,0.0035684658810204396,5312,Hippocampus_R,Putamen_L
3624,37,73,38,74,-0.11414495571988034,0.11414495571988034,0.11414495571988034,1020,Hippocampus_R,Putamen_R
3625,37,74,38,75,0.013804722393183,0.013804722393183,0.013804722393183,4573,Hippocampus_R,Pallidum_L
3626,37,75,38,76,-0.2922812477463818,0.2922812477463818,0.2922812477463818,82,Hippocampus_R,Pallidum_R
3627,37,76,38,77,0.013116464081483327,0.013116464081483327,0.013116464081483327,4625,Hippocampus_R,Thalamus_L
3628,37,77,38,78,-0.029652083918263787,0.029652083918263787,0.029652083918263787,3582,Hippocampus_R,Thalamus_R
3629,37,78,38,79,-0.09588678806833915,0.09588678806833915,0.09588678806833915,1320,Hippocampus_R,Heschl_L
3630,37,79,38,80,-0.007254061258410668,0.007254061258410668,0.007254061258410668,5032,Hippocampus_R,Heschl_R
3631,37,80,38,81,0.0423012234410977,0.0423012234410977,0.0423012234410977,2898,Hippocampus_R,Temporal_Sup_L
3632,37,81,38,82,0.06029295922159097,0.06029295922159097,0.06029295922159097,2220,Hippocampus_R,Temporal_Sup_R
3633,37,82,38,83,-0.023315210708810916,0.023315210708810916,0.023315210708810916,3949,Hippocampus_R,Temporal_Pole_Sup_L
3634,37,83,38,84,0.26202606481640345,0.26202606481640345,0.26202606481640345,123,Hippocampus_R,Temporal_Pole_Sup_R
3635,37,84,38,85,0.09294446223454667,0.09294446223454667,0.09294446223454667,1387,Hippocampus_R,Temporal_Mid_L
3636,37,85,38,86,0.06619044982785816,0.06619044982785816,0.06619044982785816,2030,Hippocampus_R,Temporal_Mid_R
3637,37,86,38,87,-0.19967597262801706,0.19967597262801706,0.19967597262801706,303,Hippocampus_R,Temporal_Pole_Mid_L
3638,37,87,38,88,0.14834342179529092,0.14834342179529092,0.14834342179529092,634,Hippocampus_R,Temporal_Pole_Mid_R
3639,37,88,38,89,-0.23721169188738395,0.23721169188738395,0.23721169188738395,192,Hippocampus_R,Temporal_Inf_L
3640,37,89,38,90,-0.07579768201975423,0.07579768201975423,0.07579768201975423,1766,Hippocampus_R,Temporal_Inf_R
3641,37,90,38,91,-0.002237558913228763,0.002237558913228763,0.002237558913228763,5405,Hippocampus_R,Cerebelum_Crus1_L
3642,37,91,38,92,0.05069056487998965,0.05069056487998965,0.05069056487998965,2563,Hippocampus_R,Cerebelum_Crus1_R
3643,37,92,38,93,0.022325445306681072,0.022325445306681072,0.022325445306681072,4027,Hippocampus_R,Cerebelum_Crus2_L
3644,37,93,38,94,0.1562338181748435,0.1562338181748435,0.1562338181748435,560,Hippocampus_R,Cerebelum_Crus2_R
3645,37,94,38,95,0.05896667152459835,0.05896667152459835,0.05896667152459835,2262,Hippocampus_R,Cerebelum_3_L
3646,37,95,38,96,0.32290842704785505,0.32290842704785505,0.32290842704785505,56,Hippocampus_R,Cerebelum_3_R
3647,37,96,38,97,-0.08046804807417722,0.08046804807417722,0.08046804807417722,1640,Hippocampus_R,Cerebelum_4_5_L
3648,37,97,38,98,-0.05564482676781517,0.05564482676781517,0.05564482676781517,2377,Hippocampus_R,Cerebelum_4_5_R
3649,37,98,38,99,0.019458494120051035,0.019458494120051035,0.019458494120051035,4193,Hippocampus_R,Cerebelum_6_L
3650,37,99,38,100,-0.011736404737708041,0.011736404737708041,0.011736404737708041,4732,Hippocampus_R,Cerebelum_6_R
3651,37,100,38,101,0.0542081616358182,0.0542081616358182,0.0542081616358182,2427,Hippocampus_R,Cerebelum_7b_L
3652,37,101,38,102,0.12551422206741786,0.12551422206741786,0.12551422206741786,869,Hippocampus_R,Cerebelum_7b_R
3653,37,102,38,103,-0.1421957909939125,0.1421957909939125,0.1421957909939125,708,Hippocampus_R,Cerebelum_8_L
3654,37,103,38,104,0.003077386388993112,0.003077386388993112,0.003077386388993112,5348,Hippocampus_R,Cerebelum_8_R
3655,37,104,38,105,-0.16335919058707016,0.16335919058707016,0.16335919058707016,509,Hippocampus_R,Cerebelum_9_L
3656,37,105,38,106,-0.1318499129163144,0.1318499129163144,0.1318499129163144,801,Hippocampus_R,Cerebelum_9_R
3657,37,106,38,107,-0.07257983028905278,0.07257983028905278,0.07257983028905278,1839,Hippocampus_R,Cerebelum_10_L
3658,37,107,38,108,0.14786218189128242,0.14786218189128242,0.14786218189128242,639,Hippocampus_R,Cerebelum_10_R
3659,37,108,38,109,-0.1422385332714192,0.1422385332714192,0.1422385332714192,706,Hippocampus_R,Vermis_1_2
3660,37,109,38,110,-0.03911565184920826,0.03911565184920826,0.03911565184920826,3074,Hippocampus_R,Vermis_3
3661,37,110,38,111,0.013382625332730425,0.013382625332730425,0.013382625332730425,4606,Hippocampus_R,Vermis_4_5
3662,37,111,38,112,-0.017900822434037802,0.017900822434037802,0.017900822434037802,4286,Hippocampus_R,Vermis_6
3663,37,112,38,113,0.01880191148795584,0.01880191148795584,0.01880191148795584,4236,Hippocampus_R,Vermis_7
3664,37,113,38,114,0.002827953720718689,0.002827953720718689,0.002827953720718689,5366,Hippocampus_R,Vermis_8
3665,37,114,38,115,-0.061602257407014485,0.061602257407014485,0.061602257407014485,2178,Hippocampus_R,Vermis_9
3666,37,115,38,116,8.650094062397324e-05,8.650094062397324e-05,8.650094062397324e-05,6663,Hippocampus_R,Vermis_10
3667,38,39,39,40,-0.041696287476428055,0.041696287476428055,0.041696287476428055,2934,ParaHippocampal_L,ParaHippocampal_R
3668,38,40,39,41,-0.013929907508863013,0.013929907508863013,0.013929907508863013,4558,ParaHippocampal_L,Amygdala_L
3669,38,41,39,42,-0.0761655124474954,0.0761655124474954,0.0761655124474954,1755,ParaHippocampal_L,Amygdala_R
3670,38,42,39,43,-0.0038718338991501245,0.0038718338991501245,0.0038718338991501245,5290,ParaHippocampal_L,Calcarine_L
3671,38,43,39,44,-0.011267612907106758,0.011267612907106758,0.011267612907106758,4770,ParaHippocampal_L,Calcarine_R
3672,38,44,39,45,0.019888644171071546,0.019888644171071546,0.019888644171071546,4168,ParaHippocampal_L,Cuneus_L
3673,38,45,39,46,0.03100270616601543,0.03100270616601543,0.03100270616601543,3492,ParaHippocampal_L,Cuneus_R
3674,38,46,39,47,0.022921364853534344,0.022921364853534344,0.022921364853534344,3982,ParaHippocampal_L,Lingual_L
3675,38,47,39,48,0.010614832450886848,0.010614832450886848,0.010614832450886848,4805,ParaHippocampal_L,Lingual_R
3676,38,48,39,49,-0.014377524411606404,0.014377524411606404,0.014377524411606404,4524,ParaHippocampal_L,Occipital_Sup_L
3677,38,49,39,50,-0.0062018351012467715,0.0062018351012467715,0.0062018351012467715,5105,ParaHippocampal_L,Occipital_Sup_R
3678,38,50,39,51,0.004913872335735417,0.004913872335735417,0.004913872335735417,5204,ParaHippocampal_L,Occipital_Mid_L
3679,38,51,39,52,-0.03280193620428842,0.03280193620428842,0.03280193620428842,3385,ParaHippocampal_L,Occipital_Mid_R
3680,38,52,39,53,-0.029980760826520535,0.029980760826520535,0.029980760826520535,3563,ParaHippocampal_L,Occipital_Inf_L
3681,38,53,39,54,-0.07743624942385005,0.07743624942385005,0.07743624942385005,1718,ParaHippocampal_L,Occipital_Inf_R
3682,38,54,39,55,0.005773265440305033,0.005773265440305033,0.005773265440305033,5129,ParaHippocampal_L,Fusiform_L
3683,38,55,39,56,-0.011152235876592845,0.011152235876592845,0.011152235876592845,4780,ParaHippocampal_L,Fusiform_R
3684,38,56,39,57,0.02754497904959133,0.02754497904959133,0.02754497904959133,3697,ParaHippocampal_L,Postcentral_L
3685,38,57,39,58,0.0010960520732016619,0.0010960520732016619,0.0010960520732016619,5496,ParaHippocampal_L,Postcentral_R
3686,38,58,39,59,0.0005293646813251463,0.0005293646813251463,0.0005293646813251463,5927,ParaHippocampal_L,Parietal_Sup_L
3687,38,59,39,60,0.0005554731747265669,0.0005554731747265669,0.0005554731747265669,5851,ParaHippocampal_L,Parietal_Sup_R
3688,38,60,39,61,0.10126891936216809,0.10126891936216809,0.10126891936216809,1222,ParaHippocampal_L,Parietal_Inf_L
3689,38,61,39,62,0.0005060951842157711,0.0005060951842157711,0.0005060951842157711,6052,ParaHippocampal_L,Parietal_Inf_R
3690,38,62,39,63,0.0005107125156374724,0.0005107125156374724,0.0005107125156374724,6016,ParaHippocampal_L,SupraMarginal_L
3691,38,63,39,64,-0.0038929289042587537,0.0038929289042587537,0.0038929289042587537,5285,ParaHippocampal_L,SupraMarginal_R
3692,38,64,39,65,-0.023184835467453806,0.023184835467453806,0.023184835467453806,3961,ParaHippocampal_L,Angular_L
3693,38,65,39,66,0.000881437015721222,0.000881437015721222,0.000881437015721222,5530,ParaHippocampal_L,Angular_R
3694,38,66,39,67,0.08658597145936445,0.08658597145936445,0.08658597145936445,1514,ParaHippocampal_L,Precuneus_L
3695,38,67,39,68,0.12178231483122612,0.12178231483122612,0.12178231483122612,914,ParaHippocampal_L,Precuneus_R
3696,38,68,39,69,-0.09817812551676268,0.09817812551676268,0.09817812551676268,1279,ParaHippocampal_L,Paracentral_Lobule_L
3697,38,69,39,70,-0.04621434756291061,0.04621434756291061,0.04621434756291061,2738,ParaHippocampal_L,Paracentral_Lobule_R
3698,38,70,39,71,0.15469034117221944,0.15469034117221944,0.15469034117221944,572,ParaHippocampal_L,Caudate_L
3699,38,71,39,72,0.17585360475606976,0.17585360475606976,0.17585360475606976,431,ParaHippocampal_L,Caudate_R
3700,38,72,39,73,-0.11930868204902131,0.11930868204902131,0.11930868204902131,951,ParaHippocampal_L,Putamen_L
3701,38,73,39,74,0.02451007346545182,0.02451007346545182,0.02451007346545182,3879,ParaHippocampal_L,Putamen_R
3702,38,74,39,75,-0.018424310756869573,0.018424310756869573,0.018424310756869573,4258,ParaHippocampal_L,Pallidum_L
3703,38,75,39,76,-0.023023274061420646,0.023023274061420646,0.023023274061420646,3974,ParaHippocampal_L,Pallidum_R
3704,38,76,39,77,0.10113783760208454,0.10113783760208454,0.10113783760208454,1225,ParaHippocampal_L,Thalamus_L
3705,38,77,39,78,0.06907053967267125,0.06907053967267125,0.06907053967267125,1929,ParaHippocampal_L,Thalamus_R
3706,38,78,39,79,0.09162392859152495,0.09162392859152495,0.09162392859152495,1410,ParaHippocampal_L,Heschl_L
3707,38,79,39,80,0.037416394036529264,0.037416394036529264,0.037416394036529264,3143,ParaHippocampal_L,Heschl_R
3708,38,80,39,81,0.09293626068915799,0.09293626068915799,0.09293626068915799,1388,ParaHippocampal_L,Temporal_Sup_L
3709,38,81,39,82,0.05074021464506844,0.05074021464506844,0.05074021464506844,2558,ParaHippocampal_L,Temporal_Sup_R
3710,38,82,39,83,-0.04208779371131521,0.04208779371131521,0.04208779371131521,2910,ParaHippocampal_L,Temporal_Pole_Sup_L
3711,38,83,39,84,0.09652654780530116,0.09652654780530116,0.09652654780530116,1306,ParaHippocampal_L,Temporal_Pole_Sup_R
3712,38,84,39,85,0.04333100298161503,0.04333100298161503,0.04333100298161503,2857,ParaHippocampal_L,Temporal_Mid_L
3713,38,85,39,86,0.06440031088620099,0.06440031088620099,0.06440031088620099,2078,ParaHippocampal_L,Temporal_Mid_R
3714,38,86,39,87,-0.019419672265377712,0.019419672265377712,0.019419672265377712,4197,ParaHippocampal_L,Temporal_Pole_Mid_L
3715,38,87,39,88,0.031016941948747483,0.031016941948747483,0.031016941948747483,3491,ParaHippocampal_L,Temporal_Pole_Mid_R
3716,38,88,39,89,0.004578218182413621,0.004578218182413621,0.004578218182413621,5228,ParaHippocampal_L,Temporal_Inf_L
3717,38,89,39,90,-0.07608344177727959,0.07608344177727959,0.07608344177727959,1758,ParaHippocampal_L,Temporal_Inf_R
3718,38,90,39,91,0.016018400855435298,0.016018400855435298,0.016018400855435298,4409,ParaHippocampal_L,Cerebelum_Crus1_L
3719,38,91,39,92,-0.035626882078854956,0.035626882078854956,0.035626882078854956,3215,ParaHippocampal_L,Cerebelum_Crus1_R
3720,38,92,39,93,-0.03502181019652143,0.03502181019652143,0.03502181019652143,3251,ParaHippocampal_L,Cerebelum_Crus2_L
3721,38,93,39,94,-0.13121885631736893,0.13121885631736893,0.13121885631736893,806,ParaHippocampal_L,Cerebelum_Crus2_R
3722,38,94,39,95,-0.011484727770095175,0.011484727770095175,0.011484727770095175,4756,ParaHippocampal_L,Cerebelum_3_L
3723,38,95,39,96,0.060607936517970494,0.060607936517970494,0.060607936517970494,2214,ParaHippocampal_L,Cerebelum_3_R
3724,38,96,39,97,-0.03841606634028759,0.03841606634028759,0.03841606634028759,3100,ParaHippocampal_L,Cerebelum_4_5_L
3725,38,97,39,98,0.10457524640655051,0.10457524640655051,0.10457524640655051,1164,ParaHippocampal_L,Cerebelum_4_5_R
3726,38,98,39,99,-0.0032376071620137054,0.0032376071620137054,0.0032376071620137054,5337,ParaHippocampal_L,Cerebelum_6_L
3727,38,99,39,100,-0.09927926456424127,0.09927926456424127,0.09927926456424127,1259,ParaHippocampal_L,Cerebelum_6_R
3728,38,100,39,101,-0.06667682461604381,0.06667682461604381,0.06667682461604381,2012,ParaHippocampal_L,Cerebelum_7b_L
3729,38,101,39,102,0.025920640772458394,0.025920640772458394,0.025920640772458394,3795,ParaHippocampal_L,Cerebelum_7b_R
3730,38,102,39,103,-0.1913199714471029,0.1913199714471029,0.1913199714471029,348,ParaHippocampal_L,Cerebelum_8_L
3731,38,103,39,104,-0.11941059010444592,0.11941059010444592,0.11941059010444592,950,ParaHippocampal_L,Cerebelum_8_R
3732,38,104,39,105,-0.043789274857534616,0.043789274857534616,0.043789274857534616,2840,ParaHippocampal_L,Cerebelum_9_L
3733,38,105,39,106,-0.03287449574280108,0.03287449574280108,0.03287449574280108,3382,ParaHippocampal_L,Cerebelum_9_R
3734,38,106,39,107,0.031567520052790836,0.031567520052790836,0.031567520052790836,3456,ParaHippocampal_L,Cerebelum_10_L
3735,38,107,39,108,0.1621165645129721,0.1621165645129721,0.1621165645129721,518,ParaHippocampal_L,Cerebelum_10_R
3736,38,108,39,109,-0.013769383815762752,0.013769383815762752,0.013769383815762752,4578,ParaHippocampal_L,Vermis_1_2
3737,38,109,39,110,0.011713939150320719,0.011713939150320719,0.011713939150320719,4733,ParaHippocampal_L,Vermis_3
3738,38,110,39,111,0.030332947706741265,0.030332947706741265,0.030332947706741265,3539,ParaHippocampal_L,Vermis_4_5
3739,38,111,39,112,-0.028753169742097996,0.028753169742097996,0.028753169742097996,3623,ParaHippocampal_L,Vermis_6
3740,38,112,39,113,-0.011864673057224127,0.011864673057224127,0.011864673057224127,4723,ParaHippocampal_L,Vermis_7
3741,38,113,39,114,0.01768221491315581,0.01768221491315581,0.01768221491315581,4298,ParaHippocampal_L,Vermis_8
3742,38,114,39,115,0.04037873702590259,0.04037873702590259,0.04037873702590259,3010,ParaHippocampal_L,Vermis_9
3743,38,115,39,116,0.021400929025782157,0.021400929025782157,0.021400929025782157,4090,ParaHippocampal_L,Vermis_10
3744,39,40,40,41,-0.029695772005878907,0.029695772005878907,0.029695772005878907,3577,ParaHippocampal_R,Amygdala_L
3745,39,41,40,42,-0.07468968894806483,0.07468968894806483,0.07468968894806483,1789,ParaHippocampal_R,Amygdala_R
3746,39,42,40,43,0.0015777874729270593,0.0015777874729270593,0.0015777874729270593,5462,ParaHippocampal_R,Calcarine_L
3747,39,43,40,44,-0.006442963779128885,0.006442963779128885,0.006442963779128885,5090,ParaHippocampal_R,Calcarine_R
3748,39,44,40,45,0.0013638144985292516,0.0013638144985292516,0.0013638144985292516,5478,ParaHippocampal_R,Cuneus_L
3749,39,45,40,46,-0.0038795805949539144,0.0038795805949539144,0.0038795805949539144,5287,ParaHippocampal_R,Cuneus_R
3750,39,46,40,47,-0.01801287517661553,0.01801287517661553,0.01801287517661553,4279,ParaHippocampal_R,Lingual_L
3751,39,47,40,48,0.022503328684588333,0.022503328684588333,0.022503328684588333,4016,ParaHippocampal_R,Lingual_R
3752,39,48,40,49,0.01496075806014868,0.01496075806014868,0.01496075806014868,4479,ParaHippocampal_R,Occipital_Sup_L
3753,39,49,40,50,0.018075995943918583,0.018075995943918583,0.018075995943918583,4275,ParaHippocampal_R,Occipital_Sup_R
3754,39,50,40,51,0.015109023217532278,0.015109023217532278,0.015109023217532278,4475,ParaHippocampal_R,Occipital_Mid_L
3755,39,51,40,52,-0.0005293083919310189,0.0005293083919310189,0.0005293083919310189,5928,ParaHippocampal_R,Occipital_Mid_R
3756,39,52,40,53,-0.028156815444512845,0.028156815444512845,0.028156815444512845,3659,ParaHippocampal_R,Occipital_Inf_L
3757,39,53,40,54,-0.059900275940935915,0.059900275940935915,0.059900275940935915,2233,ParaHippocampal_R,Occipital_Inf_R
3758,39,54,40,55,-0.002962768390424273,0.002962768390424273,0.002962768390424273,5360,ParaHippocampal_R,Fusiform_L
3759,39,55,40,56,-0.016186502640226804,0.016186502640226804,0.016186502640226804,4398,ParaHippocampal_R,Fusiform_R
3760,39,56,40,57,0.05394144205347796,0.05394144205347796,0.05394144205347796,2438,ParaHippocampal_R,Postcentral_L
3761,39,57,40,58,0.01952994448209073,0.01952994448209073,0.01952994448209073,4189,ParaHippocampal_R,Postcentral_R
3762,39,58,40,59,0.0005300115550970808,0.0005300115550970808,0.0005300115550970808,5924,ParaHippocampal_R,Parietal_Sup_L
3763,39,59,40,60,0.0005613410960805906,0.0005613410960805906,0.0005613410960805906,5831,ParaHippocampal_R,Parietal_Sup_R
3764,39,60,40,61,0.08524737379165903,0.08524737379165903,0.08524737379165903,1537,ParaHippocampal_R,Parietal_Inf_L
3765,39,61,40,62,0.0005071284583306599,0.0005071284583306599,0.0005071284583306599,6045,ParaHippocampal_R,Parietal_Inf_R
3766,39,62,40,63,0.0005156069021258926,0.0005156069021258926,0.0005156069021258926,5986,ParaHippocampal_R,SupraMarginal_L
3767,39,63,40,64,-0.06302634114804745,0.06302634114804745,0.06302634114804745,2126,ParaHippocampal_R,SupraMarginal_R
3768,39,64,40,65,-0.01676350440977387,0.01676350440977387,0.01676350440977387,4352,ParaHippocampal_R,Angular_L
3769,39,65,40,66,0.000888192408663236,0.000888192408663236,0.000888192408663236,5523,ParaHippocampal_R,Angular_R
3770,39,66,40,67,0.08241949406197624,0.08241949406197624,0.08241949406197624,1601,ParaHippocampal_R,Precuneus_L
3771,39,67,40,68,0.08993183555378717,0.08993183555378717,0.08993183555378717,1436,ParaHippocampal_R,Precuneus_R
3772,39,68,40,69,-0.05081604669201121,0.05081604669201121,0.05081604669201121,2554,ParaHippocampal_R,Paracentral_Lobule_L
3773,39,69,40,70,0.020984058218164948,0.020984058218164948,0.020984058218164948,4113,ParaHippocampal_R,Paracentral_Lobule_R
3774,39,70,40,71,-0.05253964571051765,0.05253964571051765,0.05253964571051765,2484,ParaHippocampal_R,Caudate_L
3775,39,71,40,72,-0.09362041654389322,0.09362041654389322,0.09362041654389322,1372,ParaHippocampal_R,Caudate_R
3776,39,72,40,73,-0.07014677991605005,0.07014677991605005,0.07014677991605005,1901,ParaHippocampal_R,Putamen_L
3777,39,73,40,74,0.14476387152462625,0.14476387152462625,0.14476387152462625,676,ParaHippocampal_R,Putamen_R
3778,39,74,40,75,-0.013805569458797224,0.013805569458797224,0.013805569458797224,4571,ParaHippocampal_R,Pallidum_L
3779,39,75,40,76,0.09438342705077464,0.09438342705077464,0.09438342705077464,1351,ParaHippocampal_R,Pallidum_R
3780,39,76,40,77,0.11880849987394963,0.11880849987394963,0.11880849987394963,956,ParaHippocampal_R,Thalamus_L
3781,39,77,40,78,0.10732609108170274,0.10732609108170274,0.10732609108170274,1120,ParaHippocampal_R,Thalamus_R
3782,39,78,40,79,-0.046469912278490885,0.046469912278490885,0.046469912278490885,2730,ParaHippocampal_R,Heschl_L
3783,39,79,40,80,0.03400830304914671,0.03400830304914671,0.03400830304914671,3313,ParaHippocampal_R,Heschl_R
3784,39,80,40,81,0.0015059330120775541,0.0015059330120775541,0.0015059330120775541,5469,ParaHippocampal_R,Temporal_Sup_L
3785,39,81,40,82,0.017298086108405164,0.017298086108405164,0.017298086108405164,4318,ParaHippocampal_R,Temporal_Sup_R
3786,39,82,40,83,-0.00853025426578174,0.00853025426578174,0.00853025426578174,4947,ParaHippocampal_R,Temporal_Pole_Sup_L
3787,39,83,40,84,-0.030821159387023945,0.030821159387023945,0.030821159387023945,3506,ParaHippocampal_R,Temporal_Pole_Sup_R
3788,39,84,40,85,0.058027716660242486,0.058027716660242486,0.058027716660242486,2297,ParaHippocampal_R,Temporal_Mid_L
3789,39,85,40,86,0.07566956166249522,0.07566956166249522,0.07566956166249522,1768,ParaHippocampal_R,Temporal_Mid_R
3790,39,86,40,87,-0.1354203807309903,0.1354203807309903,0.1354203807309903,770,ParaHippocampal_R,Temporal_Pole_Mid_L
3791,39,87,40,88,0.027734360511171577,0.027734360511171577,0.027734360511171577,3688,ParaHippocampal_R,Temporal_Pole_Mid_R
3792,39,88,40,89,-0.049313469297701966,0.049313469297701966,0.049313469297701966,2613,ParaHippocampal_R,Temporal_Inf_L
3793,39,89,40,90,-0.013756243816189543,0.013756243816189543,0.013756243816189543,4580,ParaHippocampal_R,Temporal_Inf_R
3794,39,90,40,91,0.08757018931392022,0.08757018931392022,0.08757018931392022,1488,ParaHippocampal_R,Cerebelum_Crus1_L
3795,39,91,40,92,0.15237707380943072,0.15237707380943072,0.15237707380943072,602,ParaHippocampal_R,Cerebelum_Crus1_R
3796,39,92,40,93,-0.018680172759790854,0.018680172759790854,0.018680172759790854,4243,ParaHippocampal_R,Cerebelum_Crus2_L
3797,39,93,40,94,0.11239271623844642,0.11239271623844642,0.11239271623844642,1050,ParaHippocampal_R,Cerebelum_Crus2_R
3798,39,94,40,95,-0.11397852036242742,0.11397852036242742,0.11397852036242742,1023,ParaHippocampal_R,Cerebelum_3_L
3799,39,95,40,96,0.15625401920203963,0.15625401920203963,0.15625401920203963,559,ParaHippocampal_R,Cerebelum_3_R
3800,39,96,40,97,-0.04422287481287246,0.04422287481287246,0.04422287481287246,2815,ParaHippocampal_R,Cerebelum_4_5_L
3801,39,97,40,98,-0.020272373269760516,0.020272373269760516,0.020272373269760516,4149,ParaHippocampal_R,Cerebelum_4_5_R
3802,39,98,40,99,0.19029657935319644,0.19029657935319644,0.19029657935319644,354,ParaHippocampal_R,Cerebelum_6_L
3803,39,99,40,100,0.05855763973577994,0.05855763973577994,0.05855763973577994,2274,ParaHippocampal_R,Cerebelum_6_R
3804,39,100,40,101,-0.037947984389956196,0.037947984389956196,0.037947984389956196,3119,ParaHippocampal_R,Cerebelum_7b_L
3805,39,101,40,102,-0.022055601616378782,0.022055601616378782,0.022055601616378782,4044,ParaHippocampal_R,Cerebelum_7b_R
3806,39,102,40,103,-0.13882962220247172,0.13882962220247172,0.13882962220247172,742,ParaHippocampal_R,Cerebelum_8_L
3807,39,103,40,104,0.05596414019885342,0.05596414019885342,0.05596414019885342,2371,ParaHippocampal_R,Cerebelum_8_R
3808,39,104,40,105,0.01278647102639925,0.01278647102639925,0.01278647102639925,4648,ParaHippocampal_R,Cerebelum_9_L
3809,39,105,40,106,0.02586843059906596,0.02586843059906596,0.02586843059906596,3797,ParaHippocampal_R,Cerebelum_9_R
3810,39,106,40,107,-0.1412514885035884,0.1412514885035884,0.1412514885035884,713,ParaHippocampal_R,Cerebelum_10_L
3811,39,107,40,108,0.2423120983690559,0.2423120983690559,0.2423120983690559,175,ParaHippocampal_R,Cerebelum_10_R
3812,39,108,40,109,-0.10112263715077974,0.10112263715077974,0.10112263715077974,1226,ParaHippocampal_R,Vermis_1_2
3813,39,109,40,110,-0.022979419006739717,0.022979419006739717,0.022979419006739717,3980,ParaHippocampal_R,Vermis_3
3814,39,110,40,111,-0.010404408801589977,0.010404408801589977,0.010404408801589977,4816,ParaHippocampal_R,Vermis_4_5
3815,39,111,40,112,0.019930846122146045,0.019930846122146045,0.019930846122146045,4165,ParaHippocampal_R,Vermis_6
3816,39,112,40,113,-0.01943846086589956,0.01943846086589956,0.01943846086589956,4195,ParaHippocampal_R,Vermis_7
3817,39,113,40,114,0.03091721793343588,0.03091721793343588,0.03091721793343588,3498,ParaHippocampal_R,Vermis_8
3818,39,114,40,115,-0.0013108079758965916,0.0013108079758965916,0.0013108079758965916,5484,ParaHippocampal_R,Vermis_9
3819,39,115,40,116,-0.00019148273621885322,0.00019148273621885322,0.00019148273621885322,6654,ParaHippocampal_R,Vermis_10
3820,40,41,41,42,-0.022495300479979437,0.022495300479979437,0.022495300479979437,4018,Amygdala_L,Amygdala_R
3821,40,42,41,43,-0.0014494632610565156,0.0014494632610565156,0.0014494632610565156,5472,Amygdala_L,Calcarine_L
3822,40,43,41,44,0.005596866511708613,0.005596866511708613,0.005596866511708613,5143,Amygdala_L,Calcarine_R
3823,40,44,41,45,0.0063742796213436086,0.0063742796213436086,0.0063742796213436086,5091,Amygdala_L,Cuneus_L
3824,40,45,41,46,0.010694528607723056,0.010694528607723056,0.010694528607723056,4800,Amygdala_L,Cuneus_R
3825,40,46,41,47,0.0088457904484796,0.0088457904484796,0.0088457904484796,4927,Amygdala_L,Lingual_L
3826,40,47,41,48,0.013136238357115979,0.013136238357115979,0.013136238357115979,4623,Amygdala_L,Lingual_R
3827,40,48,41,49,-0.004217960862026049,0.004217960862026049,0.004217960862026049,5253,Amygdala_L,Occipital_Sup_L
3828,40,49,41,50,-0.022296084416850492,0.022296084416850492,0.022296084416850492,4031,Amygdala_L,Occipital_Sup_R
3829,40,50,41,51,-0.022024985789104508,0.022024985789104508,0.022024985789104508,4046,Amygdala_L,Occipital_Mid_L
3830,40,51,41,52,-0.017289878731038252,0.017289878731038252,0.017289878731038252,4319,Amygdala_L,Occipital_Mid_R
3831,40,52,41,53,0.0031249243843095324,0.0031249243843095324,0.0031249243843095324,5341,Amygdala_L,Occipital_Inf_L
3832,40,53,41,54,-0.002916595681370579,0.002916595681370579,0.002916595681370579,5363,Amygdala_L,Occipital_Inf_R
3833,40,54,41,55,-0.02101209964345049,0.02101209964345049,0.02101209964345049,4108,Amygdala_L,Fusiform_L
3834,40,55,41,56,-0.0143780060542407,0.0143780060542407,0.0143780060542407,4523,Amygdala_L,Fusiform_R
3835,40,56,41,57,-0.05071385679944617,0.05071385679944617,0.05071385679944617,2561,Amygdala_L,Postcentral_L
3836,40,57,41,58,-0.05998497464911566,0.05998497464911566,0.05998497464911566,2228,Amygdala_L,Postcentral_R
3837,40,58,41,59,0.0004906763097185748,0.0004906763097185748,0.0004906763097185748,6149,Amygdala_L,Parietal_Sup_L
3838,40,59,41,60,0.0005377948736374253,0.0005377948736374253,0.0005377948736374253,5896,Amygdala_L,Parietal_Sup_R
3839,40,60,41,61,-0.07890749372573314,0.07890749372573314,0.07890749372573314,1679,Amygdala_L,Parietal_Inf_L
3840,40,61,41,62,0.0004805277782328441,0.0004805277782328441,0.0004805277782328441,6230,Amygdala_L,Parietal_Inf_R
3841,40,62,41,63,0.0005031557453969315,0.0005031557453969315,0.0005031557453969315,6069,Amygdala_L,SupraMarginal_L
3842,40,63,41,64,-0.05326181552912192,0.05326181552912192,0.05326181552912192,2457,Amygdala_L,SupraMarginal_R
3843,40,64,41,65,0.0019922707543614656,0.0019922707543614656,0.0019922707543614656,5426,Amygdala_L,Angular_L
3844,40,65,41,66,0.0008770796924739337,0.0008770796924739337,0.0008770796924739337,5539,Amygdala_L,Angular_R
3845,40,66,41,67,0.004099562797149699,0.004099562797149699,0.004099562797149699,5262,Amygdala_L,Precuneus_L
3846,40,67,41,68,0.03203336897916474,0.03203336897916474,0.03203336897916474,3431,Amygdala_L,Precuneus_R
3847,40,68,41,69,-0.06604340499107407,0.06604340499107407,0.06604340499107407,2036,Amygdala_L,Paracentral_Lobule_L
3848,40,69,41,70,-0.06166540017034332,0.06166540017034332,0.06166540017034332,2173,Amygdala_L,Paracentral_Lobule_R
3849,40,70,41,71,0.023622410845630055,0.023622410845630055,0.023622410845630055,3932,Amygdala_L,Caudate_L
3850,40,71,41,72,0.07279824215245877,0.07279824215245877,0.07279824215245877,1829,Amygdala_L,Caudate_R
3851,40,72,41,73,-0.04437568690992142,0.04437568690992142,0.04437568690992142,2810,Amygdala_L,Putamen_L
3852,40,73,41,74,0.008203673199585914,0.008203673199585914,0.008203673199585914,4976,Amygdala_L,Putamen_R
3853,40,74,41,75,0.06164697402540248,0.06164697402540248,0.06164697402540248,2176,Amygdala_L,Pallidum_L
3854,40,75,41,76,-0.05717279924953488,0.05717279924953488,0.05717279924953488,2330,Amygdala_L,Pallidum_R
3855,40,76,41,77,-0.04228442064570441,0.04228442064570441,0.04228442064570441,2900,Amygdala_L,Thalamus_L
3856,40,77,41,78,0.017536301064759497,0.017536301064759497,0.017536301064759497,4310,Amygdala_L,Thalamus_R
3857,40,78,41,79,-0.047648682321696584,0.047648682321696584,0.047648682321696584,2676,Amygdala_L,Heschl_L
3858,40,79,41,80,-0.03449040672363977,0.03449040672363977,0.03449040672363977,3283,Amygdala_L,Heschl_R
3859,40,80,41,81,-0.04108291997118553,0.04108291997118553,0.04108291997118553,2969,Amygdala_L,Temporal_Sup_L
3860,40,81,41,82,0.05294503658134433,0.05294503658134433,0.05294503658134433,2468,Amygdala_L,Temporal_Sup_R
3861,40,82,41,83,0.016668716547280443,0.016668716547280443,0.016668716547280443,4361,Amygdala_L,Temporal_Pole_Sup_L
3862,40,83,41,84,-0.004887295745848943,0.004887295745848943,0.004887295745848943,5207,Amygdala_L,Temporal_Pole_Sup_R
3863,40,84,41,85,-0.016554582840336857,0.016554582840336857,0.016554582840336857,4371,Amygdala_L,Temporal_Mid_L
3864,40,85,41,86,0.0346860951444254,0.0346860951444254,0.0346860951444254,3271,Amygdala_L,Temporal_Mid_R
3865,40,86,41,87,-0.010340659491337122,0.010340659491337122,0.010340659491337122,4820,Amygdala_L,Temporal_Pole_Mid_L
3866,40,87,41,88,0.09022390213374192,0.09022390213374192,0.09022390213374192,1433,Amygdala_L,Temporal_Pole_Mid_R
3867,40,88,41,89,-0.10801609314002523,0.10801609314002523,0.10801609314002523,1110,Amygdala_L,Temporal_Inf_L
3868,40,89,41,90,-0.034564421083394255,0.034564421083394255,0.034564421083394255,3280,Amygdala_L,Temporal_Inf_R
3869,40,90,41,91,0.031400999701242716,0.031400999701242716,0.031400999701242716,3467,Amygdala_L,Cerebelum_Crus1_L
3870,40,91,41,92,0.016239529505919857,0.016239529505919857,0.016239529505919857,4397,Amygdala_L,Cerebelum_Crus1_R
3871,40,92,41,93,0.09868054392049613,0.09868054392049613,0.09868054392049613,1271,Amygdala_L,Cerebelum_Crus2_L
3872,40,93,41,94,0.05988707963799933,0.05988707963799933,0.05988707963799933,2234,Amygdala_L,Cerebelum_Crus2_R
3873,40,94,41,95,0.12437210206838863,0.12437210206838863,0.12437210206838863,883,Amygdala_L,Cerebelum_3_L
3874,40,95,41,96,0.025659147165211667,0.025659147165211667,0.025659147165211667,3811,Amygdala_L,Cerebelum_3_R
3875,40,96,41,97,-0.04826774644122761,0.04826774644122761,0.04826774644122761,2650,Amygdala_L,Cerebelum_4_5_L
3876,40,97,41,98,0.0061726098270967495,0.0061726098270967495,0.0061726098270967495,5108,Amygdala_L,Cerebelum_4_5_R
3877,40,98,41,99,0.053196798751946724,0.053196798751946724,0.053196798751946724,2462,Amygdala_L,Cerebelum_6_L
3878,40,99,41,100,0.008443279733336924,0.008443279733336924,0.008443279733336924,4954,Amygdala_L,Cerebelum_6_R
3879,40,100,41,101,0.12065676077373536,0.12065676077373536,0.12065676077373536,929,Amygdala_L,Cerebelum_7b_L
3880,40,101,41,102,0.08212509129789168,0.08212509129789168,0.08212509129789168,1606,Amygdala_L,Cerebelum_7b_R
3881,40,102,41,103,-0.07110351177552086,0.07110351177552086,0.07110351177552086,1870,Amygdala_L,Cerebelum_8_L
3882,40,103,41,104,0.01263122629999454,0.01263122629999454,0.01263122629999454,4662,Amygdala_L,Cerebelum_8_R
3883,40,104,41,105,-0.049369196471658536,0.049369196471658536,0.049369196471658536,2610,Amygdala_L,Cerebelum_9_L
3884,40,105,41,106,0.0036741625966669983,0.0036741625966669983,0.0036741625966669983,5301,Amygdala_L,Cerebelum_9_R
3885,40,106,41,107,0.16371704559413242,0.16371704559413242,0.16371704559413242,506,Amygdala_L,Cerebelum_10_L
3886,40,107,41,108,0.005284248725429502,0.005284248725429502,0.005284248725429502,5171,Amygdala_L,Cerebelum_10_R
3887,40,108,41,109,0.040234393971999176,0.040234393971999176,0.040234393971999176,3022,Amygdala_L,Vermis_1_2
3888,40,109,41,110,0.033597434702179005,0.033597434702179005,0.033597434702179005,3332,Amygdala_L,Vermis_3
3889,40,110,41,111,0.053942460242979495,0.053942460242979495,0.053942460242979495,2437,Amygdala_L,Vermis_4_5
3890,40,111,41,112,0.020347985317208175,0.020347985317208175,0.020347985317208175,4146,Amygdala_L,Vermis_6
3891,40,112,41,113,0.03079862002052816,0.03079862002052816,0.03079862002052816,3508,Amygdala_L,Vermis_7
3892,40,113,41,114,0.015073074302133779,0.015073074302133779,0.015073074302133779,4476,Amygdala_L,Vermis_8
3893,40,114,41,115,0.022676238491792226,0.022676238491792226,0.022676238491792226,4002,Amygdala_L,Vermis_9
3894,40,115,41,116,0.016077421274046686,0.016077421274046686,0.016077421274046686,4404,Amygdala_L,Vermis_10
3895,41,42,42,43,-0.03983765387193093,0.03983765387193093,0.03983765387193093,3040,Amygdala_R,Calcarine_L
3896,41,43,42,44,-0.026499717618894966,0.026499717618894966,0.026499717618894966,3758,Amygdala_R,Calcarine_R
3897,41,44,42,45,-0.03190591625595751,0.03190591625595751,0.03190591625595751,3441,Amygdala_R,Cuneus_L
3898,41,45,42,46,-0.016625281554799226,0.016625281554799226,0.016625281554799226,4365,Amygdala_R,Cuneus_R
3899,41,46,42,47,-0.041567225175971834,0.041567225175971834,0.041567225175971834,2940,Amygdala_R,Lingual_L
3900,41,47,42,48,-0.004464663126200618,0.004464663126200618,0.004464663126200618,5235,Amygdala_R,Lingual_R
3901,41,48,42,49,-0.007728963504376054,0.007728963504376054,0.007728963504376054,5004,Amygdala_R,Occipital_Sup_L
3902,41,49,42,50,-0.002117489083470213,0.002117489083470213,0.002117489083470213,5412,Amygdala_R,Occipital_Sup_R
3903,41,50,42,51,-0.0056093798861692416,0.0056093798861692416,0.0056093798861692416,5140,Amygdala_R,Occipital_Mid_L
3904,41,51,42,52,-0.014850030253252563,0.014850030253252563,0.014850030253252563,4488,Amygdala_R,Occipital_Mid_R
3905,41,52,42,53,0.0017276344877814424,0.0017276344877814424,0.0017276344877814424,5447,Amygdala_R,Occipital_Inf_L
3906,41,53,42,54,0.019263587896929765,0.019263587896929765,0.019263587896929765,4209,Amygdala_R,Occipital_Inf_R
3907,41,54,42,55,-0.04328739165016982,0.04328739165016982,0.04328739165016982,2859,Amygdala_R,Fusiform_L
3908,41,55,42,56,-0.01727461564929825,0.01727461564929825,0.01727461564929825,4322,Amygdala_R,Fusiform_R
3909,41,56,42,57,-0.024264813826032443,0.024264813826032443,0.024264813826032443,3894,Amygdala_R,Postcentral_L
3910,41,57,42,58,-0.0301723140161151,0.0301723140161151,0.0301723140161151,3552,Amygdala_R,Postcentral_R
3911,41,58,42,59,0.0005186260156741631,0.0005186260156741631,0.0005186260156741631,5969,Amygdala_R,Parietal_Sup_L
3912,41,59,42,60,0.0005515521102339449,0.0005515521102339449,0.0005515521102339449,5863,Amygdala_R,Parietal_Sup_R
3913,41,60,42,61,-0.0036369020916417675,0.0036369020916417675,0.0036369020916417675,5305,Amygdala_R,Parietal_Inf_L
3914,41,61,42,62,0.0005035169402807133,0.0005035169402807133,0.0005035169402807133,6068,Amygdala_R,Parietal_Inf_R
3915,41,62,42,63,0.000512096039807598,0.000512096039807598,0.000512096039807598,6008,Amygdala_R,SupraMarginal_L
3916,41,63,42,64,0.09393520566069542,0.09393520566069542,0.09393520566069542,1363,Amygdala_R,SupraMarginal_R
3917,41,64,42,65,-0.11221648892855605,0.11221648892855605,0.11221648892855605,1055,Amygdala_R,Angular_L
3918,41,65,42,66,0.0008730659349379877,0.0008730659349379877,0.0008730659349379877,5548,Amygdala_R,Angular_R
3919,41,66,42,67,-0.05438167104953933,0.05438167104953933,0.05438167104953933,2419,Amygdala_R,Precuneus_L
3920,41,67,42,68,-0.005050111107442311,0.005050111107442311,0.005050111107442311,5191,Amygdala_R,Precuneus_R
3921,41,68,42,69,-0.029088839861396872,0.029088839861396872,0.029088839861396872,3611,Amygdala_R,Paracentral_Lobule_L
3922,41,69,42,70,-0.018138975759467706,0.018138975759467706,0.018138975759467706,4270,Amygdala_R,Paracentral_Lobule_R
3923,41,70,42,71,-0.0940876219222906,0.0940876219222906,0.0940876219222906,1360,Amygdala_R,Caudate_L
3924,41,71,42,72,-0.011160719694824323,0.011160719694824323,0.011160719694824323,4778,Amygdala_R,Caudate_R
3925,41,72,42,73,-0.07100717720244315,0.07100717720244315,0.07100717720244315,1875,Amygdala_R,Putamen_L
3926,41,73,42,74,-0.012440465802345238,0.012440465802345238,0.012440465802345238,4680,Amygdala_R,Putamen_R
3927,41,74,42,75,0.012982987040298008,0.012982987040298008,0.012982987040298008,4633,Amygdala_R,Pallidum_L
3928,41,75,42,76,-0.03632414746580014,0.03632414746580014,0.03632414746580014,3187,Amygdala_R,Pallidum_R
3929,41,76,42,77,0.02845404469903353,0.02845404469903353,0.02845404469903353,3631,Amygdala_R,Thalamus_L
3930,41,77,42,78,-0.04366688195731183,0.04366688195731183,0.04366688195731183,2846,Amygdala_R,Thalamus_R
3931,41,78,42,79,-0.0608674677367625,0.0608674677367625,0.0608674677367625,2208,Amygdala_R,Heschl_L
3932,41,79,42,80,-0.04009580001240502,0.04009580001240502,0.04009580001240502,3029,Amygdala_R,Heschl_R
3933,41,80,42,81,-0.11051678870788736,0.11051678870788736,0.11051678870788736,1079,Amygdala_R,Temporal_Sup_L
3934,41,81,42,82,-0.029108294209052615,0.029108294209052615,0.029108294209052615,3608,Amygdala_R,Temporal_Sup_R
3935,41,82,42,83,0.06134814602159062,0.06134814602159062,0.06134814602159062,2189,Amygdala_R,Temporal_Pole_Sup_L
3936,41,83,42,84,-0.06004032712179981,0.06004032712179981,0.06004032712179981,2226,Amygdala_R,Temporal_Pole_Sup_R
3937,41,84,42,85,-0.05620335801651976,0.05620335801651976,0.05620335801651976,2364,Amygdala_R,Temporal_Mid_L
3938,41,85,42,86,-0.012845346967279403,0.012845346967279403,0.012845346967279403,4642,Amygdala_R,Temporal_Mid_R
3939,41,86,42,87,-0.14805506920616185,0.14805506920616185,0.14805506920616185,638,Amygdala_R,Temporal_Pole_Mid_L
3940,41,87,42,88,-0.05963906103202604,0.05963906103202604,0.05963906103202604,2239,Amygdala_R,Temporal_Pole_Mid_R
3941,41,88,42,89,-0.09388636528478561,0.09388636528478561,0.09388636528478561,1366,Amygdala_R,Temporal_Inf_L
3942,41,89,42,90,-0.03879468304858956,0.03879468304858956,0.03879468304858956,3086,Amygdala_R,Temporal_Inf_R
3943,41,90,42,91,0.056249316511186295,0.056249316511186295,0.056249316511186295,2362,Amygdala_R,Cerebelum_Crus1_L
3944,41,91,42,92,0.012357474058068486,0.012357474058068486,0.012357474058068486,4689,Amygdala_R,Cerebelum_Crus1_R
3945,41,92,42,93,-0.024172274665674107,0.024172274665674107,0.024172274665674107,3898,Amygdala_R,Cerebelum_Crus2_L
3946,41,93,42,94,5.6598813648828694e-05,5.6598813648828694e-05,5.6598813648828694e-05,6666,Amygdala_R,Cerebelum_Crus2_R
3947,41,94,42,95,-0.02516508864902355,0.02516508864902355,0.02516508864902355,3838,Amygdala_R,Cerebelum_3_L
3948,41,95,42,96,0.061656249639369054,0.061656249639369054,0.061656249639369054,2174,Amygdala_R,Cerebelum_3_R
3949,41,96,42,97,0.015992598218194803,0.015992598218194803,0.015992598218194803,4412,Amygdala_R,Cerebelum_4_5_L
3950,41,97,42,98,-0.023157734242439186,0.023157734242439186,0.023157734242439186,3964,Amygdala_R,Cerebelum_4_5_R
3951,41,98,42,99,0.04090273644633321,0.04090273644633321,0.04090273644633321,2980,Amygdala_R,Cerebelum_6_L
3952,41,99,42,100,0.030876387715688788,0.030876387715688788,0.030876387715688788,3504,Amygdala_R,Cerebelum_6_R
3953,41,100,42,101,0.06428363061115665,0.06428363061115665,0.06428363061115665,2083,Amygdala_R,Cerebelum_7b_L
3954,41,101,42,102,0.10639049434817491,0.10639049434817491,0.10639049434817491,1137,Amygdala_R,Cerebelum_7b_R
3955,41,102,42,103,-0.13071768679987655,0.13071768679987655,0.13071768679987655,815,Amygdala_R,Cerebelum_8_L
3956,41,103,42,104,-0.05924790110938124,0.05924790110938124,0.05924790110938124,2252,Amygdala_R,Cerebelum_8_R
3957,41,104,42,105,-0.07007578936168836,0.07007578936168836,0.07007578936168836,1903,Amygdala_R,Cerebelum_9_L
3958,41,105,42,106,-0.09595805015320932,0.09595805015320932,0.09595805015320932,1319,Amygdala_R,Cerebelum_9_R
3959,41,106,42,107,0.0040374818306738456,0.0040374818306738456,0.0040374818306738456,5269,Amygdala_R,Cerebelum_10_L
3960,41,107,42,108,0.0651851456147594,0.0651851456147594,0.0651851456147594,2054,Amygdala_R,Cerebelum_10_R
3961,41,108,42,109,0.01844420530317609,0.01844420530317609,0.01844420530317609,4256,Amygdala_R,Vermis_1_2
3962,41,109,42,110,0.03351783948509613,0.03351783948509613,0.03351783948509613,3339,Amygdala_R,Vermis_3
3963,41,110,42,111,-0.0051720640312429,0.0051720640312429,0.0051720640312429,5183,Amygdala_R,Vermis_4_5
3964,41,111,42,112,0.03287053621725453,0.03287053621725453,0.03287053621725453,3383,Amygdala_R,Vermis_6
3965,41,112,42,113,0.035734423120046155,0.035734423120046155,0.035734423120046155,3212,Amygdala_R,Vermis_7
3966,41,113,42,114,0.03475961310188474,0.03475961310188474,0.03475961310188474,3267,Amygdala_R,Vermis_8
3967,41,114,42,115,0.009386076896886827,0.009386076896886827,0.009386076896886827,4894,Amygdala_R,Vermis_9
3968,41,115,42,116,0.009116327778224603,0.009116327778224603,0.009116327778224603,4909,Amygdala_R,Vermis_10
3969,42,43,43,44,0.022802884591010316,0.022802884591010316,0.022802884591010316,3995,Calcarine_L,Calcarine_R
3970,42,44,43,45,-0.04072579494522664,0.04072579494522664,0.04072579494522664,2994,Calcarine_L,Cuneus_L
3971,42,45,43,46,-0.022714505631685884,0.022714505631685884,0.022714505631685884,3997,Calcarine_L,Cuneus_R
3972,42,46,43,47,-0.01976639070986617,0.01976639070986617,0.01976639070986617,4177,Calcarine_L,Lingual_L
3973,42,47,43,48,-0.012224527041828947,0.012224527041828947,0.012224527041828947,4698,Calcarine_L,Lingual_R
3974,42,48,43,49,0.004490376161605619,0.004490376161605619,0.004490376161605619,5234,Calcarine_L,Occipital_Sup_L
3975,42,49,43,50,-0.04077573474079947,0.04077573474079947,0.04077573474079947,2989,Calcarine_L,Occipital_Sup_R
3976,42,50,43,51,0.02452649033252671,0.02452649033252671,0.02452649033252671,3877,Calcarine_L,Occipital_Mid_L
3977,42,51,43,52,0.025504096117081706,0.025504096117081706,0.025504096117081706,3818,Calcarine_L,Occipital_Mid_R
3978,42,52,43,53,0.021735205537857717,0.021735205537857717,0.021735205537857717,4067,Calcarine_L,Occipital_Inf_L
3979,42,53,43,54,0.00963740232811096,0.00963740232811096,0.00963740232811096,4877,Calcarine_L,Occipital_Inf_R
3980,42,54,43,55,-0.015958457360646175,0.015958457360646175,0.015958457360646175,4418,Calcarine_L,Fusiform_L
3981,42,55,43,56,-0.014096241700103795,0.014096241700103795,0.014096241700103795,4540,Calcarine_L,Fusiform_R
3982,42,56,43,57,-0.01141323382377494,0.01141323382377494,0.01141323382377494,4764,Calcarine_L,Postcentral_L
3983,42,57,43,58,-0.03089865296136278,0.03089865296136278,0.03089865296136278,3501,Calcarine_L,Postcentral_R
3984,42,58,43,59,0.0005000059610653366,0.0005000059610653366,0.0005000059610653366,6088,Calcarine_L,Parietal_Sup_L
3985,42,59,43,60,0.0005552215953465015,0.0005552215953465015,0.0005552215953465015,5854,Calcarine_L,Parietal_Sup_R
3986,42,60,43,61,-0.10564454877662102,0.10564454877662102,0.10564454877662102,1150,Calcarine_L,Parietal_Inf_L
3987,42,61,43,62,0.0004758662579740783,0.0004758662579740783,0.0004758662579740783,6295,Calcarine_L,Parietal_Inf_R
3988,42,62,43,63,0.0005145797759289737,0.0005145797759289737,0.0005145797759289737,5993,Calcarine_L,SupraMarginal_L
3989,42,63,43,64,0.006508828507363832,0.006508828507363832,0.006508828507363832,5087,Calcarine_L,SupraMarginal_R
3990,42,64,43,65,-0.019753711001651287,0.019753711001651287,0.019753711001651287,4178,Calcarine_L,Angular_L
3991,42,65,43,66,0.0008895274471182521,0.0008895274471182521,0.0008895274471182521,5521,Calcarine_L,Angular_R
3992,42,66,43,67,0.035396212873276614,0.035396212873276614,0.035396212873276614,3233,Calcarine_L,Precuneus_L
3993,42,67,43,68,0.027374746903312288,0.027374746903312288,0.027374746903312288,3708,Calcarine_L,Precuneus_R
3994,42,68,43,69,-0.061068610606196685,0.061068610606196685,0.061068610606196685,2196,Calcarine_L,Paracentral_Lobule_L
3995,42,69,43,70,-0.027635522385646993,0.027635522385646993,0.027635522385646993,3694,Calcarine_L,Paracentral_Lobule_R
3996,42,70,43,71,0.016339364617144393,0.016339364617144393,0.016339364617144393,4387,Calcarine_L,Caudate_L
3997,42,71,43,72,0.07446557308957474,0.07446557308957474,0.07446557308957474,1793,Calcarine_L,Caudate_R
3998,42,72,43,73,0.06239210501407015,0.06239210501407015,0.06239210501407015,2147,Calcarine_L,Putamen_L
3999,42,73,43,74,0.082309726601991,0.082309726601991,0.082309726601991,1602,Calcarine_L,Putamen_R
4000,42,74,43,75,0.046626427702523884,0.046626427702523884,0.046626427702523884,2726,Calcarine_L,Pallidum_L
4001,42,75,43,76,0.0026348253946764195,0.0026348253946764195,0.0026348253946764195,5381,Calcarine_L,Pallidum_R
4002,42,76,43,77,-0.003996540349850614,0.003996540349850614,0.003996540349850614,5276,Calcarine_L,Thalamus_L
4003,42,77,43,78,0.04425234582906229,0.04425234582906229,0.04425234582906229,2814,Calcarine_L,Thalamus_R
4004,42,78,43,79,-0.01702463805907338,0.01702463805907338,0.01702463805907338,4335,Calcarine_L,Heschl_L
4005,42,79,43,80,0.02569991339267891,0.02569991339267891,0.02569991339267891,3807,Calcarine_L,Heschl_R
4006,42,80,43,81,-0.05817235196395451,0.05817235196395451,0.05817235196395451,2288,Calcarine_L,Temporal_Sup_L
4007,42,81,43,82,-0.03521479154772613,0.03521479154772613,0.03521479154772613,3243,Calcarine_L,Temporal_Sup_R
4008,42,82,43,83,-0.04712869767978626,0.04712869767978626,0.04712869767978626,2696,Calcarine_L,Temporal_Pole_Sup_L
4009,42,83,43,84,-0.0138135030239989,0.0138135030239989,0.0138135030239989,4569,Calcarine_L,Temporal_Pole_Sup_R
4010,42,84,43,85,-0.07619098288972972,0.07619098288972972,0.07619098288972972,1753,Calcarine_L,Temporal_Mid_L
4011,42,85,43,86,-0.0031112539868081964,0.0031112539868081964,0.0031112539868081964,5344,Calcarine_L,Temporal_Mid_R
4012,42,86,43,87,0.019636993210026005,0.019636993210026005,0.019636993210026005,4184,Calcarine_L,Temporal_Pole_Mid_L
4013,42,87,43,88,-0.05023492650003581,0.05023492650003581,0.05023492650003581,2578,Calcarine_L,Temporal_Pole_Mid_R
4014,42,88,43,89,-0.03745177462561401,0.03745177462561401,0.03745177462561401,3140,Calcarine_L,Temporal_Inf_L
4015,42,89,43,90,-0.04107811539474929,0.04107811539474929,0.04107811539474929,2970,Calcarine_L,Temporal_Inf_R
4016,42,90,43,91,-0.026472559910439973,0.026472559910439973,0.026472559910439973,3762,Calcarine_L,Cerebelum_Crus1_L
4017,42,91,43,92,0.013733347177211346,0.013733347177211346,0.013733347177211346,4581,Calcarine_L,Cerebelum_Crus1_R
4018,42,92,43,93,0.006332073215293902,0.006332073215293902,0.006332073215293902,5095,Calcarine_L,Cerebelum_Crus2_L
4019,42,93,43,94,0.017186900071472763,0.017186900071472763,0.017186900071472763,4324,Calcarine_L,Cerebelum_Crus2_R
4020,42,94,43,95,-0.0012376029812587695,0.0012376029812587695,0.0012376029812587695,5489,Calcarine_L,Cerebelum_3_L
4021,42,95,43,96,-0.041740019301647245,0.041740019301647245,0.041740019301647245,2931,Calcarine_L,Cerebelum_3_R
4022,42,96,43,97,-0.036269905335866263,0.036269905335866263,0.036269905335866263,3190,Calcarine_L,Cerebelum_4_5_L
4023,42,97,43,98,-0.0026613986831950974,0.0026613986831950974,0.0026613986831950974,5378,Calcarine_L,Cerebelum_4_5_R
4024,42,98,43,99,-0.0017005064596164,0.0017005064596164,0.0017005064596164,5449,Calcarine_L,Cerebelum_6_L
4025,42,99,43,100,0.0033659055378364583,0.0033659055378364583,0.0033659055378364583,5327,Calcarine_L,Cerebelum_6_R
4026,42,100,43,101,0.006002919671626426,0.006002919671626426,0.006002919671626426,5118,Calcarine_L,Cerebelum_7b_L
4027,42,101,43,102,0.01584853860077497,0.01584853860077497,0.01584853860077497,4427,Calcarine_L,Cerebelum_7b_R
4028,42,102,43,103,-0.026312033568742333,0.026312033568742333,0.026312033568742333,3775,Calcarine_L,Cerebelum_8_L
4029,42,103,43,104,0.004039105515995165,0.004039105515995165,0.004039105515995165,5267,Calcarine_L,Cerebelum_8_R
4030,42,104,43,105,-0.008059141109195532,0.008059141109195532,0.008059141109195532,4987,Calcarine_L,Cerebelum_9_L
4031,42,105,43,106,-0.02607048730292146,0.02607048730292146,0.02607048730292146,3788,Calcarine_L,Cerebelum_9_R
4032,42,106,43,107,0.036069977649502996,0.036069977649502996,0.036069977649502996,3202,Calcarine_L,Cerebelum_10_L
4033,42,107,43,108,0.009915843164125627,0.009915843164125627,0.009915843164125627,4854,Calcarine_L,Cerebelum_10_R
4034,42,108,43,109,-0.028610274850682616,0.028610274850682616,0.028610274850682616,3628,Calcarine_L,Vermis_1_2
4035,42,109,43,110,-0.03716727402612762,0.03716727402612762,0.03716727402612762,3152,Calcarine_L,Vermis_3
4036,42,110,43,111,-0.028255002712680756,0.028255002712680756,0.028255002712680756,3648,Calcarine_L,Vermis_4_5
4037,42,111,43,112,-0.009201864161635256,0.009201864161635256,0.009201864161635256,4908,Calcarine_L,Vermis_6
4038,42,112,43,113,-0.016684376981599844,0.016684376981599844,0.016684376981599844,4359,Calcarine_L,Vermis_7
4039,42,113,43,114,-0.00517784028850487,0.00517784028850487,0.00517784028850487,5181,Calcarine_L,Vermis_8
4040,42,114,43,115,0.012084021775509369,0.012084021775509369,0.012084021775509369,4707,Calcarine_L,Vermis_9
4041,42,115,43,116,-0.00725103211401482,0.00725103211401482,0.00725103211401482,5033,Calcarine_L,Vermis_10
4042,43,44,44,45,-0.005996061313677747,0.005996061313677747,0.005996061313677747,5119,Calcarine_R,Cuneus_L
4043,43,45,44,46,-0.004887367419875448,0.004887367419875448,0.004887367419875448,5206,Calcarine_R,Cuneus_R
4044,43,46,44,47,0.005311337675445917,0.005311337675445917,0.005311337675445917,5168,Calcarine_R,Lingual_L
4045,43,47,44,48,-0.003405063482205396,0.003405063482205396,0.003405063482205396,5323,Calcarine_R,Lingual_R
4046,43,48,44,49,0.03951552542571204,0.03951552542571204,0.03951552542571204,3050,Calcarine_R,Occipital_Sup_L
4047,43,49,44,50,-0.021649659928795213,0.021649659928795213,0.021649659928795213,4076,Calcarine_R,Occipital_Sup_R
4048,43,50,44,51,0.019063914017968295,0.019063914017968295,0.019063914017968295,4222,Calcarine_R,Occipital_Mid_L
4049,43,51,44,52,0.028796894104902514,0.028796894104902514,0.028796894104902514,3619,Calcarine_R,Occipital_Mid_R
4050,43,52,44,53,0.014929498343659505,0.014929498343659505,0.014929498343659505,4482,Calcarine_R,Occipital_Inf_L
4051,43,53,44,54,-0.015429433107403712,0.015429433107403712,0.015429433107403712,4453,Calcarine_R,Occipital_Inf_R
4052,43,54,44,55,-0.017380967232689417,0.017380967232689417,0.017380967232689417,4314,Calcarine_R,Fusiform_L
4053,43,55,44,56,-0.0019837511290598416,0.0019837511290598416,0.0019837511290598416,5427,Calcarine_R,Fusiform_R
4054,43,56,44,57,0.007064969005896951,0.007064969005896951,0.007064969005896951,5047,Calcarine_R,Postcentral_L
4055,43,57,44,58,-0.014851216075869318,0.014851216075869318,0.014851216075869318,4487,Calcarine_R,Postcentral_R
4056,43,58,44,59,0.0005062474875337904,0.0005062474875337904,0.0005062474875337904,6051,Calcarine_R,Parietal_Sup_L
4057,43,59,44,60,0.0005603414543059041,0.0005603414543059041,0.0005603414543059041,5833,Calcarine_R,Parietal_Sup_R
4058,43,60,44,61,-0.09240893075624583,0.09240893075624583,0.09240893075624583,1394,Calcarine_R,Parietal_Inf_L
4059,43,61,44,62,0.00046566468874577994,0.00046566468874577994,0.00046566468874577994,6404,Calcarine_R,Parietal_Inf_R
4060,43,62,44,63,0.0005277312961857757,0.0005277312961857757,0.0005277312961857757,5933,Calcarine_R,SupraMarginal_L
4061,43,63,44,64,0.017966616554842663,0.017966616554842663,0.017966616554842663,4282,Calcarine_R,SupraMarginal_R
4062,43,64,44,65,-0.05486997355703971,0.05486997355703971,0.05486997355703971,2403,Calcarine_R,Angular_L
4063,43,65,44,66,0.0008682249029547536,0.0008682249029547536,0.0008682249029547536,5571,Calcarine_R,Angular_R
4064,43,66,44,67,0.00542219143202369,0.00542219143202369,0.00542219143202369,5162,Calcarine_R,Precuneus_L
4065,43,67,44,68,-0.008353433644737927,0.008353433644737927,0.008353433644737927,4964,Calcarine_R,Precuneus_R
4066,43,68,44,69,-0.05762288015038739,0.05762288015038739,0.05762288015038739,2309,Calcarine_R,Paracentral_Lobule_L
4067,43,69,44,70,-0.02831586231437673,0.02831586231437673,0.02831586231437673,3643,Calcarine_R,Paracentral_Lobule_R
4068,43,70,44,71,-0.008909325795442192,0.008909325795442192,0.008909325795442192,4923,Calcarine_R,Caudate_L
4069,43,71,44,72,0.07319517525214522,0.07319517525214522,0.07319517525214522,1818,Calcarine_R,Caudate_R
4070,43,72,44,73,0.07853390672832249,0.07853390672832249,0.07853390672832249,1688,Calcarine_R,Putamen_L
4071,43,73,44,74,0.10924624242682465,0.10924624242682465,0.10924624242682465,1095,Calcarine_R,Putamen_R
4072,43,74,44,75,0.05100476709756819,0.05100476709756819,0.05100476709756819,2546,Calcarine_R,Pallidum_L
4073,43,75,44,76,-0.017066938014352124,0.017066938014352124,0.017066938014352124,4331,Calcarine_R,Pallidum_R
4074,43,76,44,77,-0.038185657364147974,0.038185657364147974,0.038185657364147974,3109,Calcarine_R,Thalamus_L
4075,43,77,44,78,-0.00824442364931388,0.00824442364931388,0.00824442364931388,4972,Calcarine_R,Thalamus_R
4076,43,78,44,79,-0.00910814411789637,0.00910814411789637,0.00910814411789637,4910,Calcarine_R,Heschl_L
4077,43,79,44,80,0.024501673871659347,0.024501673871659347,0.024501673871659347,3880,Calcarine_R,Heschl_R
4078,43,80,44,81,-0.04802009416346742,0.04802009416346742,0.04802009416346742,2660,Calcarine_R,Temporal_Sup_L
4079,43,81,44,82,-0.010964200715305955,0.010964200715305955,0.010964200715305955,4787,Calcarine_R,Temporal_Sup_R
4080,43,82,44,83,-0.05256561786368041,0.05256561786368041,0.05256561786368041,2482,Calcarine_R,Temporal_Pole_Sup_L
4081,43,83,44,84,0.003201023363960278,0.003201023363960278,0.003201023363960278,5340,Calcarine_R,Temporal_Pole_Sup_R
4082,43,84,44,85,-0.07436517716411618,0.07436517716411618,0.07436517716411618,1795,Calcarine_R,Temporal_Mid_L
4083,43,85,44,86,-0.00045466017555388953,0.00045466017555388953,0.00045466017555388953,6492,Calcarine_R,Temporal_Mid_R
4084,43,86,44,87,0.021022335206465657,0.021022335206465657,0.021022335206465657,4106,Calcarine_R,Temporal_Pole_Mid_L
4085,43,87,44,88,-0.06760672742337628,0.06760672742337628,0.06760672742337628,1977,Calcarine_R,Temporal_Pole_Mid_R
4086,43,88,44,89,-0.04064293225675329,0.04064293225675329,0.04064293225675329,2996,Calcarine_R,Temporal_Inf_L
4087,43,89,44,90,-0.043209970410703256,0.043209970410703256,0.043209970410703256,2861,Calcarine_R,Temporal_Inf_R
4088,43,90,44,91,-0.0498914052346057,0.0498914052346057,0.0498914052346057,2598,Calcarine_R,Cerebelum_Crus1_L
4089,43,91,44,92,-0.008999400694195083,0.008999400694195083,0.008999400694195083,4915,Calcarine_R,Cerebelum_Crus1_R
4090,43,92,44,93,-0.03861923225716586,0.03861923225716586,0.03861923225716586,3091,Calcarine_R,Cerebelum_Crus2_L
4091,43,93,44,94,0.002246236182450075,0.002246236182450075,0.002246236182450075,5403,Calcarine_R,Cerebelum_Crus2_R
4092,43,94,44,95,-0.009533274879286227,0.009533274879286227,0.009533274879286227,4884,Calcarine_R,Cerebelum_3_L
4093,43,95,44,96,-0.07021559876109382,0.07021559876109382,0.07021559876109382,1898,Calcarine_R,Cerebelum_3_R
4094,43,96,44,97,-0.03222702172401268,0.03222702172401268,0.03222702172401268,3419,Calcarine_R,Cerebelum_4_5_L
4095,43,97,44,98,-0.00554888936435677,0.00554888936435677,0.00554888936435677,5150,Calcarine_R,Cerebelum_4_5_R
4096,43,98,44,99,0.049074073233705426,0.049074073233705426,0.049074073233705426,2622,Calcarine_R,Cerebelum_6_L
4097,43,99,44,100,0.03118246724213972,0.03118246724213972,0.03118246724213972,3480,Calcarine_R,Cerebelum_6_R
4098,43,100,44,101,-0.017015098826488034,0.017015098826488034,0.017015098826488034,4336,Calcarine_R,Cerebelum_7b_L
4099,43,101,44,102,0.04549469844139481,0.04549469844139481,0.04549469844139481,2769,Calcarine_R,Cerebelum_7b_R
4100,43,102,44,103,-0.016291621685743357,0.016291621685743357,0.016291621685743357,4390,Calcarine_R,Cerebelum_8_L
4101,43,103,44,104,0.035611393410117216,0.035611393410117216,0.035611393410117216,3216,Calcarine_R,Cerebelum_8_R
4102,43,104,44,105,-0.011864557720077872,0.011864557720077872,0.011864557720077872,4724,Calcarine_R,Cerebelum_9_L
4103,43,105,44,106,-0.02398860552518441,0.02398860552518441,0.02398860552518441,3907,Calcarine_R,Cerebelum_9_R
4104,43,106,44,107,0.014689597200981347,0.014689597200981347,0.014689597200981347,4497,Calcarine_R,Cerebelum_10_L
4105,43,107,44,108,0.0223007986096872,0.0223007986096872,0.0223007986096872,4030,Calcarine_R,Cerebelum_10_R
4106,43,108,44,109,-0.021868030722887455,0.021868030722887455,0.021868030722887455,4058,Calcarine_R,Vermis_1_2
4107,43,109,44,110,-0.04082361386695131,0.04082361386695131,0.04082361386695131,2984,Calcarine_R,Vermis_3
4108,43,110,44,111,-0.037223876786525216,0.037223876786525216,0.037223876786525216,3150,Calcarine_R,Vermis_4_5
4109,43,111,44,112,-0.010923083299011985,0.010923083299011985,0.010923083299011985,4790,Calcarine_R,Vermis_6
4110,43,112,44,113,-0.011485246214640869,0.011485246214640869,0.011485246214640869,4755,Calcarine_R,Vermis_7
4111,43,113,44,114,-0.000985064970934,0.000985064970934,0.000985064970934,5502,Calcarine_R,Vermis_8
4112,43,114,44,115,0.0037375078864926607,0.0037375078864926607,0.0037375078864926607,5298,Calcarine_R,Vermis_9
4113,43,115,44,116,-0.02404023843986968,0.02404023843986968,0.02404023843986968,3903,Calcarine_R,Vermis_10
4114,44,45,45,46,0.04256087000990161,0.04256087000990161,0.04256087000990161,2890,Cuneus_L,Cuneus_R
4115,44,46,45,47,-0.0728734021834853,0.0728734021834853,0.0728734021834853,1827,Cuneus_L,Lingual_L
4116,44,47,45,48,-0.036932281345201885,0.036932281345201885,0.036932281345201885,3165,Cuneus_L,Lingual_R
4117,44,48,45,49,-0.014671760109216631,0.014671760109216631,0.014671760109216631,4498,Cuneus_L,Occipital_Sup_L
4118,44,49,45,50,-0.04466259015575473,0.04466259015575473,0.04466259015575473,2799,Cuneus_L,Occipital_Sup_R
4119,44,50,45,51,0.01857695835763725,0.01857695835763725,0.01857695835763725,4248,Cuneus_L,Occipital_Mid_L
4120,44,51,45,52,0.007218317351323705,0.007218317351323705,0.007218317351323705,5036,Cuneus_L,Occipital_Mid_R
4121,44,52,45,53,-0.003874204953334295,0.003874204953334295,0.003874204953334295,5289,Cuneus_L,Occipital_Inf_L
4122,44,53,45,54,-0.028130547974035087,0.028130547974035087,0.028130547974035087,3660,Cuneus_L,Occipital_Inf_R
4123,44,54,45,55,-0.06408634100867817,0.06408634100867817,0.06408634100867817,2090,Cuneus_L,Fusiform_L
4124,44,55,45,56,-0.046077641173337285,0.046077641173337285,0.046077641173337285,2742,Cuneus_L,Fusiform_R
4125,44,56,45,57,0.040325105470689196,0.040325105470689196,0.040325105470689196,3016,Cuneus_L,Postcentral_L
4126,44,57,45,58,-0.0065698071842848925,0.0065698071842848925,0.0065698071842848925,5083,Cuneus_L,Postcentral_R
4127,44,58,45,59,0.0004976809847140486,0.0004976809847140486,0.0004976809847140486,6105,Cuneus_L,Parietal_Sup_L
4128,44,59,45,60,0.0005514752302881152,0.0005514752302881152,0.0005514752302881152,5864,Cuneus_L,Parietal_Sup_R
4129,44,60,45,61,-0.18507612601221177,0.18507612601221177,0.18507612601221177,384,Cuneus_L,Parietal_Inf_L
4130,44,61,45,62,0.0004690526079789011,0.0004690526079789011,0.0004690526079789011,6366,Cuneus_L,Parietal_Inf_R
4131,44,62,45,63,0.0005178881573556028,0.0005178881573556028,0.0005178881573556028,5974,Cuneus_L,SupraMarginal_L
4132,44,63,45,64,0.11771476546476269,0.11771476546476269,0.11771476546476269,966,Cuneus_L,SupraMarginal_R
4133,44,64,45,65,-0.12796569433492877,0.12796569433492877,0.12796569433492877,848,Cuneus_L,Angular_L
4134,44,65,45,66,0.0008753797226069058,0.0008753797226069058,0.0008753797226069058,5542,Cuneus_L,Angular_R
4135,44,66,45,67,0.04639959791252724,0.04639959791252724,0.04639959791252724,2732,Cuneus_L,Precuneus_L
4136,44,67,45,68,0.030276784318037143,0.030276784318037143,0.030276784318037143,3545,Cuneus_L,Precuneus_R
4137,44,68,45,69,-0.08630972059364393,0.08630972059364393,0.08630972059364393,1518,Cuneus_L,Paracentral_Lobule_L
4138,44,69,45,70,-0.026643235352933326,0.026643235352933326,0.026643235352933326,3750,Cuneus_L,Paracentral_Lobule_R
4139,44,70,45,71,0.016901800558755866,0.016901800558755866,0.016901800558755866,4343,Cuneus_L,Caudate_L
4140,44,71,45,72,0.0677262594613552,0.0677262594613552,0.0677262594613552,1975,Cuneus_L,Caudate_R
4141,44,72,45,73,0.05189541462880017,0.05189541462880017,0.05189541462880017,2508,Cuneus_L,Putamen_L
4142,44,73,45,74,0.06020789116056717,0.06020789116056717,0.06020789116056717,2223,Cuneus_L,Putamen_R
4143,44,74,45,75,0.011134134306654327,0.011134134306654327,0.011134134306654327,4782,Cuneus_L,Pallidum_L
4144,44,75,45,76,0.008530835149790162,0.008530835149790162,0.008530835149790162,4946,Cuneus_L,Pallidum_R
4145,44,76,45,77,-0.11052882400189494,0.11052882400189494,0.11052882400189494,1077,Cuneus_L,Thalamus_L
4146,44,77,45,78,0.0021613893179467636,0.0021613893179467636,0.0021613893179467636,5409,Cuneus_L,Thalamus_R
4147,44,78,45,79,0.0008505884162722536,0.0008505884162722536,0.0008505884162722536,5605,Cuneus_L,Heschl_L
4148,44,79,45,80,0.06678843844187234,0.06678843844187234,0.06678843844187234,2008,Cuneus_L,Heschl_R
4149,44,80,45,81,0.03856119524457546,0.03856119524457546,0.03856119524457546,3096,Cuneus_L,Temporal_Sup_L
4150,44,81,45,82,0.04721685747740536,0.04721685747740536,0.04721685747740536,2691,Cuneus_L,Temporal_Sup_R
4151,44,82,45,83,-0.06263762110055765,0.06263762110055765,0.06263762110055765,2137,Cuneus_L,Temporal_Pole_Sup_L
4152,44,83,45,84,-0.004822989171706233,0.004822989171706233,0.004822989171706233,5209,Cuneus_L,Temporal_Pole_Sup_R
4153,44,84,45,85,-0.07854678348210753,0.07854678348210753,0.07854678348210753,1687,Cuneus_L,Temporal_Mid_L
4154,44,85,45,86,0.02137682447678583,0.02137682447678583,0.02137682447678583,4091,Cuneus_L,Temporal_Mid_R
4155,44,86,45,87,-0.0078051395535371155,0.0078051395535371155,0.0078051395535371155,4999,Cuneus_L,Temporal_Pole_Mid_L
4156,44,87,45,88,-0.13619645589982254,0.13619645589982254,0.13619645589982254,764,Cuneus_L,Temporal_Pole_Mid_R
4157,44,88,45,89,-0.07551966559562899,0.07551966559562899,0.07551966559562899,1769,Cuneus_L,Temporal_Inf_L
4158,44,89,45,90,-0.12926983832649203,0.12926983832649203,0.12926983832649203,832,Cuneus_L,Temporal_Inf_R
4159,44,90,45,91,-0.12663028641584007,0.12663028641584007,0.12663028641584007,859,Cuneus_L,Cerebelum_Crus1_L
4160,44,91,45,92,0.015341389772989548,0.015341389772989548,0.015341389772989548,4458,Cuneus_L,Cerebelum_Crus1_R
4161,44,92,45,93,-0.005527509041353312,0.005527509041353312,0.005527509041353312,5153,Cuneus_L,Cerebelum_Crus2_L
4162,44,93,45,94,0.023550868265644686,0.023550868265644686,0.023550868265644686,3938,Cuneus_L,Cerebelum_Crus2_R
4163,44,94,45,95,-0.0218306749059725,0.0218306749059725,0.0218306749059725,4060,Cuneus_L,Cerebelum_3_L
4164,44,95,45,96,-0.01680111546003089,0.01680111546003089,0.01680111546003089,4348,Cuneus_L,Cerebelum_3_R
4165,44,96,45,97,0.009043766475826442,0.009043766475826442,0.009043766475826442,4914,Cuneus_L,Cerebelum_4_5_L
4166,44,97,45,98,0.0719883743763112,0.0719883743763112,0.0719883743763112,1849,Cuneus_L,Cerebelum_4_5_R
4167,44,98,45,99,-0.014467287190101362,0.014467287190101362,0.014467287190101362,4514,Cuneus_L,Cerebelum_6_L
4168,44,99,45,100,0.017995158046984157,0.017995158046984157,0.017995158046984157,4281,Cuneus_L,Cerebelum_6_R
4169,44,100,45,101,0.049935188417800896,0.049935188417800896,0.049935188417800896,2595,Cuneus_L,Cerebelum_7b_L
4170,44,101,45,102,0.05360701697061715,0.05360701697061715,0.05360701697061715,2443,Cuneus_L,Cerebelum_7b_R
4171,44,102,45,103,0.024519747760213963,0.024519747760213963,0.024519747760213963,3878,Cuneus_L,Cerebelum_8_L
4172,44,103,45,104,0.0487464639628871,0.0487464639628871,0.0487464639628871,2633,Cuneus_L,Cerebelum_8_R
4173,44,104,45,105,-0.05995530578326134,0.05995530578326134,0.05995530578326134,2230,Cuneus_L,Cerebelum_9_L
4174,44,105,45,106,-0.046827517103243475,0.046827517103243475,0.046827517103243475,2722,Cuneus_L,Cerebelum_9_R
4175,44,106,45,107,-0.04551067173768107,0.04551067173768107,0.04551067173768107,2768,Cuneus_L,Cerebelum_10_L
4176,44,107,45,108,-0.04195360986239812,0.04195360986239812,0.04195360986239812,2915,Cuneus_L,Cerebelum_10_R
4177,44,108,45,109,-0.04313297506070315,0.04313297506070315,0.04313297506070315,2864,Cuneus_L,Vermis_1_2
4178,44,109,45,110,-0.03088091683525933,0.03088091683525933,0.03088091683525933,3503,Cuneus_L,Vermis_3
4179,44,110,45,111,-0.03074578929692862,0.03074578929692862,0.03074578929692862,3516,Cuneus_L,Vermis_4_5
4180,44,111,45,112,0.040927356821190405,0.040927356821190405,0.040927356821190405,2979,Cuneus_L,Vermis_6
4181,44,112,45,113,0.02331565555657972,0.02331565555657972,0.02331565555657972,3948,Cuneus_L,Vermis_7
4182,44,113,45,114,0.03828378751713198,0.03828378751713198,0.03828378751713198,3105,Cuneus_L,Vermis_8
4183,44,114,45,115,-0.0018668993558376638,0.0018668993558376638,0.0018668993558376638,5434,Cuneus_L,Vermis_9
4184,44,115,45,116,-0.05018222887807997,0.05018222887807997,0.05018222887807997,2583,Cuneus_L,Vermis_10
4185,45,46,46,47,-0.0424363965145948,0.0424363965145948,0.0424363965145948,2894,Cuneus_R,Lingual_L
4186,45,47,46,48,-0.03946724397794833,0.03946724397794833,0.03946724397794833,3055,Cuneus_R,Lingual_R
4187,45,48,46,49,-0.01937388395227146,0.01937388395227146,0.01937388395227146,4202,Cuneus_R,Occipital_Sup_L
4188,45,49,46,50,-0.04834017407702356,0.04834017407702356,0.04834017407702356,2646,Cuneus_R,Occipital_Sup_R
4189,45,50,46,51,0.036854022889656356,0.036854022889656356,0.036854022889656356,3169,Cuneus_R,Occipital_Mid_L
4190,45,51,46,52,0.026337934618960078,0.026337934618960078,0.026337934618960078,3772,Cuneus_R,Occipital_Mid_R
4191,45,52,46,53,0.025236257060709418,0.025236257060709418,0.025236257060709418,3832,Cuneus_R,Occipital_Inf_L
4192,45,53,46,54,-0.016382767775157916,0.016382767775157916,0.016382767775157916,4384,Cuneus_R,Occipital_Inf_R
4193,45,54,46,55,-0.027539771851966224,0.027539771851966224,0.027539771851966224,3699,Cuneus_R,Fusiform_L
4194,45,55,46,56,-0.03785300820220968,0.03785300820220968,0.03785300820220968,3123,Cuneus_R,Fusiform_R
4195,45,56,46,57,0.0067000690646025814,0.0067000690646025814,0.0067000690646025814,5071,Cuneus_R,Postcentral_L
4196,45,57,46,58,-0.04923535376976827,0.04923535376976827,0.04923535376976827,2616,Cuneus_R,Postcentral_R
4197,45,58,46,59,0.0004865990079369821,0.0004865990079369821,0.0004865990079369821,6179,Cuneus_R,Parietal_Sup_L
4198,45,59,46,60,0.0005391234699411714,0.0005391234699411714,0.0005391234699411714,5893,Cuneus_R,Parietal_Sup_R
4199,45,60,46,61,-0.10715350909728669,0.10715350909728669,0.10715350909728669,1125,Cuneus_R,Parietal_Inf_L
4200,45,61,46,62,0.00046037728178422826,0.00046037728178422826,0.00046037728178422826,6451,Cuneus_R,Parietal_Inf_R
4201,45,62,46,63,0.0005307913518280975,0.0005307913518280975,0.0005307913518280975,5921,Cuneus_R,SupraMarginal_L
4202,45,63,46,64,-0.024196542516022716,0.024196542516022716,0.024196542516022716,3896,Cuneus_R,SupraMarginal_R
4203,45,64,46,65,-0.050057254777934164,0.050057254777934164,0.050057254777934164,2591,Cuneus_R,Angular_L
4204,45,65,46,66,0.0008685427484023125,0.0008685427484023125,0.0008685427484023125,5567,Cuneus_R,Angular_R
4205,45,66,46,67,0.02470497619203491,0.02470497619203491,0.02470497619203491,3859,Cuneus_R,Precuneus_L
4206,45,67,46,68,0.008271109493011596,0.008271109493011596,0.008271109493011596,4968,Cuneus_R,Precuneus_R
4207,45,68,46,69,-0.10521641062030307,0.10521641062030307,0.10521641062030307,1156,Cuneus_R,Paracentral_Lobule_L
4208,45,69,46,70,-0.07296284986953153,0.07296284986953153,0.07296284986953153,1825,Cuneus_R,Paracentral_Lobule_R
4209,45,70,46,71,0.05637266200679157,0.05637266200679157,0.05637266200679157,2358,Cuneus_R,Caudate_L
4210,45,71,46,72,0.10445323800079015,0.10445323800079015,0.10445323800079015,1166,Cuneus_R,Caudate_R
4211,45,72,46,73,0.0689859211999091,0.0689859211999091,0.0689859211999091,1932,Cuneus_R,Putamen_L
4212,45,73,46,74,0.06792276546947422,0.06792276546947422,0.06792276546947422,1964,Cuneus_R,Putamen_R
4213,45,74,46,75,0.06650519487272478,0.06650519487272478,0.06650519487272478,2018,Cuneus_R,Pallidum_L
4214,45,75,46,76,-0.01885621705724977,0.01885621705724977,0.01885621705724977,4234,Cuneus_R,Pallidum_R
4215,45,76,46,77,-0.13308932842667515,0.13308932842667515,0.13308932842667515,789,Cuneus_R,Thalamus_L
4216,45,77,46,78,-0.062448074142071194,0.062448074142071194,0.062448074142071194,2144,Cuneus_R,Thalamus_R
4217,45,78,46,79,-0.01709039900590557,0.01709039900590557,0.01709039900590557,4329,Cuneus_R,Heschl_L
4218,45,79,46,80,0.05293604229805663,0.05293604229805663,0.05293604229805663,2469,Cuneus_R,Heschl_R
4219,45,80,46,81,-0.021697742138045567,0.021697742138045567,0.021697742138045567,4069,Cuneus_R,Temporal_Sup_L
4220,45,81,46,82,-0.012429759440162383,0.012429759440162383,0.012429759440162383,4682,Cuneus_R,Temporal_Sup_R
4221,45,82,46,83,-0.04514962683374471,0.04514962683374471,0.04514962683374471,2776,Cuneus_R,Temporal_Pole_Sup_L
4222,45,83,46,84,0.014791677961296082,0.014791677961296082,0.014791677961296082,4491,Cuneus_R,Temporal_Pole_Sup_R
4223,45,84,46,85,-0.04082690463070395,0.04082690463070395,0.04082690463070395,2983,Cuneus_R,Temporal_Mid_L
4224,45,85,46,86,0.04833602886993542,0.04833602886993542,0.04833602886993542,2647,Cuneus_R,Temporal_Mid_R
4225,45,86,46,87,0.033326105733903766,0.033326105733903766,0.033326105733903766,3353,Cuneus_R,Temporal_Pole_Mid_L
4226,45,87,46,88,-0.09361423466160264,0.09361423466160264,0.09361423466160264,1373,Cuneus_R,Temporal_Pole_Mid_R
4227,45,88,46,89,-0.012076216970342592,0.012076216970342592,0.012076216970342592,4709,Cuneus_R,Temporal_Inf_L
4228,45,89,46,90,-0.07178936876922867,0.07178936876922867,0.07178936876922867,1857,Cuneus_R,Temporal_Inf_R
4229,45,90,46,91,-0.04073687945460011,0.04073687945460011,0.04073687945460011,2992,Cuneus_R,Cerebelum_Crus1_L
4230,45,91,46,92,0.05620227879455857,0.05620227879455857,0.05620227879455857,2365,Cuneus_R,Cerebelum_Crus1_R
4231,45,92,46,93,0.025236654175100057,0.025236654175100057,0.025236654175100057,3831,Cuneus_R,Cerebelum_Crus2_L
4232,45,93,46,94,0.0366195111662909,0.0366195111662909,0.0366195111662909,3176,Cuneus_R,Cerebelum_Crus2_R
4233,45,94,46,95,-0.023618560183444548,0.023618560183444548,0.023618560183444548,3933,Cuneus_R,Cerebelum_3_L
4234,45,95,46,96,-0.01547077373822131,0.01547077373822131,0.01547077373822131,4452,Cuneus_R,Cerebelum_3_R
4235,45,96,46,97,-0.02629026221159336,0.02629026221159336,0.02629026221159336,3777,Cuneus_R,Cerebelum_4_5_L
4236,45,97,46,98,0.023672900586619458,0.023672900586619458,0.023672900586619458,3927,Cuneus_R,Cerebelum_4_5_R
4237,45,98,46,99,0.02913220840138249,0.02913220840138249,0.02913220840138249,3607,Cuneus_R,Cerebelum_6_L
4238,45,99,46,100,0.051775647386355,0.051775647386355,0.051775647386355,2516,Cuneus_R,Cerebelum_6_R
4239,45,100,46,101,0.023059632543994228,0.023059632543994228,0.023059632543994228,3969,Cuneus_R,Cerebelum_7b_L
4240,45,101,46,102,0.05402907982225119,0.05402907982225119,0.05402907982225119,2433,Cuneus_R,Cerebelum_7b_R
4241,45,102,46,103,-0.013964709879442294,0.013964709879442294,0.013964709879442294,4550,Cuneus_R,Cerebelum_8_L
4242,45,103,46,104,0.012621276387751476,0.012621276387751476,0.012621276387751476,4663,Cuneus_R,Cerebelum_8_R
4243,45,104,46,105,-0.04856273215604868,0.04856273215604868,0.04856273215604868,2642,Cuneus_R,Cerebelum_9_L
4244,45,105,46,106,-0.0313025422989942,0.0313025422989942,0.0313025422989942,3472,Cuneus_R,Cerebelum_9_R
4245,45,106,46,107,-0.0020247240484962156,0.0020247240484962156,0.0020247240484962156,5422,Cuneus_R,Cerebelum_10_L
4246,45,107,46,108,0.04075837937073447,0.04075837937073447,0.04075837937073447,2990,Cuneus_R,Cerebelum_10_R
4247,45,108,46,109,-0.0461114538168798,0.0461114538168798,0.0461114538168798,2741,Cuneus_R,Vermis_1_2
4248,45,109,46,110,-0.010099483146571523,0.010099483146571523,0.010099483146571523,4846,Cuneus_R,Vermis_3
4249,45,110,46,111,-0.026263880705610684,0.026263880705610684,0.026263880705610684,3780,Cuneus_R,Vermis_4_5
4250,45,111,46,112,0.017025260907535162,0.017025260907535162,0.017025260907535162,4334,Cuneus_R,Vermis_6
4251,45,112,46,113,0.03227993480062496,0.03227993480062496,0.03227993480062496,3417,Cuneus_R,Vermis_7
4252,45,113,46,114,0.04335473909659957,0.04335473909659957,0.04335473909659957,2856,Cuneus_R,Vermis_8
4253,45,114,46,115,0.023963145544968416,0.023963145544968416,0.023963145544968416,3908,Cuneus_R,Vermis_9
4254,45,115,46,116,-0.05578707932078425,0.05578707932078425,0.05578707932078425,2373,Cuneus_R,Vermis_10
4255,46,47,47,48,-0.03234972958746381,0.03234972958746381,0.03234972958746381,3410,Lingual_L,Lingual_R
4256,46,48,47,49,0.01655573070815438,0.01655573070815438,0.01655573070815438,4370,Lingual_L,Occipital_Sup_L
4257,46,49,47,50,-0.037841334775105616,0.037841334775105616,0.037841334775105616,3124,Lingual_L,Occipital_Sup_R
4258,46,50,47,51,0.045909543577041946,0.045909543577041946,0.045909543577041946,2747,Lingual_L,Occipital_Mid_L
4259,46,51,47,52,0.041470267194595144,0.041470267194595144,0.041470267194595144,2944,Lingual_L,Occipital_Mid_R
4260,46,52,47,53,0.046959572375973445,0.046959572375973445,0.046959572375973445,2710,Lingual_L,Occipital_Inf_L
4261,46,53,47,54,0.023864924971491213,0.023864924971491213,0.023864924971491213,3912,Lingual_L,Occipital_Inf_R
4262,46,54,47,55,-0.05131590429722161,0.05131590429722161,0.05131590429722161,2534,Lingual_L,Fusiform_L
4263,46,55,47,56,-0.044160665736870185,0.044160665736870185,0.044160665736870185,2822,Lingual_L,Fusiform_R
4264,46,56,47,57,-0.017536959766852905,0.017536959766852905,0.017536959766852905,4309,Lingual_L,Postcentral_L
4265,46,57,47,58,-0.053945023959263,0.053945023959263,0.053945023959263,2436,Lingual_L,Postcentral_R
4266,46,58,47,59,0.0005077903041259451,0.0005077903041259451,0.0005077903041259451,6039,Lingual_L,Parietal_Sup_L
4267,46,59,47,60,0.0005561635533691343,0.0005561635533691343,0.0005561635533691343,5848,Lingual_L,Parietal_Sup_R
4268,46,60,47,61,-0.021184802892541064,0.021184802892541064,0.021184802892541064,4097,Lingual_L,Parietal_Inf_L
4269,46,61,47,62,0.00048023057063413744,0.00048023057063413744,0.00048023057063413744,6235,Lingual_L,Parietal_Inf_R
4270,46,62,47,63,0.0005191086910082177,0.0005191086910082177,0.0005191086910082177,5964,Lingual_L,SupraMarginal_L
4271,46,63,47,64,-0.003289135423883162,0.003289135423883162,0.003289135423883162,5332,Lingual_L,SupraMarginal_R
4272,46,64,47,65,0.05876107382867657,0.05876107382867657,0.05876107382867657,2270,Lingual_L,Angular_L
4273,46,65,47,66,0.0008811496381908107,0.0008811496381908107,0.0008811496381908107,5531,Lingual_L,Angular_R
4274,46,66,47,67,0.023245269450581474,0.023245269450581474,0.023245269450581474,3955,Lingual_L,Precuneus_L
4275,46,67,47,68,-0.013070565625707117,0.013070565625707117,0.013070565625707117,4628,Lingual_L,Precuneus_R
4276,46,68,47,69,-0.08301191937290318,0.08301191937290318,0.08301191937290318,1588,Lingual_L,Paracentral_Lobule_L
4277,46,69,47,70,-0.04902052887531519,0.04902052887531519,0.04902052887531519,2624,Lingual_L,Paracentral_Lobule_R
4278,46,70,47,71,0.03574584674238136,0.03574584674238136,0.03574584674238136,3211,Lingual_L,Caudate_L
4279,46,71,47,72,0.08622596978555704,0.08622596978555704,0.08622596978555704,1519,Lingual_L,Caudate_R
4280,46,72,47,73,0.07471549862141308,0.07471549862141308,0.07471549862141308,1787,Lingual_L,Putamen_L
4281,46,73,47,74,0.0794396067458301,0.0794396067458301,0.0794396067458301,1666,Lingual_L,Putamen_R
4282,46,74,47,75,0.05603828973308971,0.05603828973308971,0.05603828973308971,2368,Lingual_L,Pallidum_L
4283,46,75,47,76,0.002124525711081504,0.002124525711081504,0.002124525711081504,5411,Lingual_L,Pallidum_R
4284,46,76,47,77,-0.05788997611246032,0.05788997611246032,0.05788997611246032,2304,Lingual_L,Thalamus_L
4285,46,77,47,78,-0.0027150986282759274,0.0027150986282759274,0.0027150986282759274,5374,Lingual_L,Thalamus_R
4286,46,78,47,79,-0.03213096964405691,0.03213096964405691,0.03213096964405691,3427,Lingual_L,Heschl_L
4287,46,79,47,80,0.014711842492516957,0.014711842492516957,0.014711842492516957,4495,Lingual_L,Heschl_R
4288,46,80,47,81,-0.057494143664505365,0.057494143664505365,0.057494143664505365,2319,Lingual_L,Temporal_Sup_L
4289,46,81,47,82,-0.011561679044334187,0.011561679044334187,0.011561679044334187,4747,Lingual_L,Temporal_Sup_R
4290,46,82,47,83,-0.042510818598737156,0.042510818598737156,0.042510818598737156,2892,Lingual_L,Temporal_Pole_Sup_L
4291,46,83,47,84,0.017640571284200296,0.017640571284200296,0.017640571284200296,4301,Lingual_L,Temporal_Pole_Sup_R
4292,46,84,47,85,-0.00601002404567064,0.00601002404567064,0.00601002404567064,5117,Lingual_L,Temporal_Mid_L
4293,46,85,47,86,0.045129841896166374,0.045129841896166374,0.045129841896166374,2777,Lingual_L,Temporal_Mid_R
4294,46,86,47,87,0.04790329072538929,0.04790329072538929,0.04790329072538929,2666,Lingual_L,Temporal_Pole_Mid_L
4295,46,87,47,88,-0.05009527055832101,0.05009527055832101,0.05009527055832101,2588,Lingual_L,Temporal_Pole_Mid_R
4296,46,88,47,89,0.00497545421262616,0.00497545421262616,0.00497545421262616,5197,Lingual_L,Temporal_Inf_L
4297,46,89,47,90,0.010636146515358207,0.010636146515358207,0.010636146515358207,4802,Lingual_L,Temporal_Inf_R
4298,46,90,47,91,-0.03268491559253029,0.03268491559253029,0.03268491559253029,3390,Lingual_L,Cerebelum_Crus1_L
4299,46,91,47,92,0.04156166821589975,0.04156166821589975,0.04156166821589975,2941,Lingual_L,Cerebelum_Crus1_R
4300,46,92,47,93,-0.0030619805170283014,0.0030619805170283014,0.0030619805170283014,5350,Lingual_L,Cerebelum_Crus2_L
4301,46,93,47,94,0.06185127962098054,0.06185127962098054,0.06185127962098054,2162,Lingual_L,Cerebelum_Crus2_R
4302,46,94,47,95,0.0049830978184617425,0.0049830978184617425,0.0049830978184617425,5195,Lingual_L,Cerebelum_3_L
4303,46,95,47,96,-0.029228705845591868,0.029228705845591868,0.029228705845591868,3603,Lingual_L,Cerebelum_3_R
4304,46,96,47,97,-0.06964234721551987,0.06964234721551987,0.06964234721551987,1915,Lingual_L,Cerebelum_4_5_L
4305,46,97,47,98,-0.028118080706490543,0.028118080706490543,0.028118080706490543,3663,Lingual_L,Cerebelum_4_5_R
4306,46,98,47,99,-0.007712647746310093,0.007712647746310093,0.007712647746310093,5007,Lingual_L,Cerebelum_6_L
4307,46,99,47,100,-0.0017828400487784686,0.0017828400487784686,0.0017828400487784686,5441,Lingual_L,Cerebelum_6_R
4308,46,100,47,101,-0.01033344421402272,0.01033344421402272,0.01033344421402272,4821,Lingual_L,Cerebelum_7b_L
4309,46,101,47,102,0.0816335525021858,0.0816335525021858,0.0816335525021858,1617,Lingual_L,Cerebelum_7b_R
4310,46,102,47,103,-0.04351768773027065,0.04351768773027065,0.04351768773027065,2853,Lingual_L,Cerebelum_8_L
4311,46,103,47,104,0.0036184292732745014,0.0036184292732745014,0.0036184292732745014,5307,Lingual_L,Cerebelum_8_R
4312,46,104,47,105,-0.036160579434608604,0.036160579434608604,0.036160579434608604,3199,Lingual_L,Cerebelum_9_L
4313,46,105,47,106,-0.04896383841466675,0.04896383841466675,0.04896383841466675,2626,Lingual_L,Cerebelum_9_R
4314,46,106,47,107,0.06266472539302241,0.06266472539302241,0.06266472539302241,2136,Lingual_L,Cerebelum_10_L
4315,46,107,47,108,0.027535799009743917,0.027535799009743917,0.027535799009743917,3700,Lingual_L,Cerebelum_10_R
4316,46,108,47,109,-0.012568988993678828,0.012568988993678828,0.012568988993678828,4670,Lingual_L,Vermis_1_2
4317,46,109,47,110,-0.040286741002632805,0.040286741002632805,0.040286741002632805,3020,Lingual_L,Vermis_3
4318,46,110,47,111,-0.03072169361815376,0.03072169361815376,0.03072169361815376,3518,Lingual_L,Vermis_4_5
4319,46,111,47,112,-0.0022648136912106404,0.0022648136912106404,0.0022648136912106404,5399,Lingual_L,Vermis_6
4320,46,112,47,113,0.005984540971526032,0.005984540971526032,0.005984540971526032,5120,Lingual_L,Vermis_7
4321,46,113,47,114,0.01600690319056484,0.01600690319056484,0.01600690319056484,4410,Lingual_L,Vermis_8
4322,46,114,47,115,0.019751722923540434,0.019751722923540434,0.019751722923540434,4179,Lingual_L,Vermis_9
4323,46,115,47,116,-0.03385529466992471,0.03385529466992471,0.03385529466992471,3319,Lingual_L,Vermis_10
4324,47,48,48,49,0.029836258152269757,0.029836258152269757,0.029836258152269757,3571,Lingual_R,Occipital_Sup_L
4325,47,49,48,50,-0.052745500357664885,0.052745500357664885,0.052745500357664885,2475,Lingual_R,Occipital_Sup_R
4326,47,50,48,51,0.03651011475992183,0.03651011475992183,0.03651011475992183,3180,Lingual_R,Occipital_Mid_L
4327,47,51,48,52,0.022903727465527435,0.022903727465527435,0.022903727465527435,3984,Lingual_R,Occipital_Mid_R
4328,47,52,48,53,0.03922337535323182,0.03922337535323182,0.03922337535323182,3067,Lingual_R,Occipital_Inf_L
4329,47,53,48,54,0.0033808511305667573,0.0033808511305667573,0.0033808511305667573,5325,Lingual_R,Occipital_Inf_R
4330,47,54,48,55,-0.024539115658565414,0.024539115658565414,0.024539115658565414,3872,Lingual_R,Fusiform_L
4331,47,55,48,56,-0.012518188499397469,0.012518188499397469,0.012518188499397469,4673,Lingual_R,Fusiform_R
4332,47,56,48,57,0.04439568834667164,0.04439568834667164,0.04439568834667164,2809,Lingual_R,Postcentral_L
4333,47,57,48,58,-0.007504741313052864,0.007504741313052864,0.007504741313052864,5019,Lingual_R,Postcentral_R
4334,47,58,48,59,0.0005016520491200949,0.0005016520491200949,0.0005016520491200949,6079,Lingual_R,Parietal_Sup_L
4335,47,59,48,60,0.0005527618470040959,0.0005527618470040959,0.0005527618470040959,5860,Lingual_R,Parietal_Sup_R
4336,47,60,48,61,-0.09660236556649174,0.09660236556649174,0.09660236556649174,1305,Lingual_R,Parietal_Inf_L
4337,47,61,48,62,0.00046795483710837163,0.00046795483710837163,0.00046795483710837163,6378,Lingual_R,Parietal_Inf_R
4338,47,62,48,63,0.000530259162985769,0.000530259162985769,0.000530259162985769,5923,Lingual_R,SupraMarginal_L
4339,47,63,48,64,0.06057129648613958,0.06057129648613958,0.06057129648613958,2215,Lingual_R,SupraMarginal_R
4340,47,64,48,65,0.002759989311056911,0.002759989311056911,0.002759989311056911,5370,Lingual_R,Angular_L
4341,47,65,48,66,0.000870331288886753,0.000870331288886753,0.000870331288886753,5558,Lingual_R,Angular_R
4342,47,66,48,67,-0.005271764907292789,0.005271764907292789,0.005271764907292789,5172,Lingual_R,Precuneus_L
4343,47,67,48,68,-0.01743089254797751,0.01743089254797751,0.01743089254797751,4313,Lingual_R,Precuneus_R
4344,47,68,48,69,-0.07128421207171036,0.07128421207171036,0.07128421207171036,1867,Lingual_R,Paracentral_Lobule_L
4345,47,69,48,70,-0.029816321102551786,0.029816321102551786,0.029816321102551786,3573,Lingual_R,Paracentral_Lobule_R
4346,47,70,48,71,-0.008271515994514624,0.008271515994514624,0.008271515994514624,4967,Lingual_R,Caudate_L
4347,47,71,48,72,0.06497383018543149,0.06497383018543149,0.06497383018543149,2059,Lingual_R,Caudate_R
4348,47,72,48,73,0.03619509772168362,0.03619509772168362,0.03619509772168362,3195,Lingual_R,Putamen_L
4349,47,73,48,74,0.047775442092927285,0.047775442092927285,0.047775442092927285,2673,Lingual_R,Putamen_R
4350,47,74,48,75,0.021156693387534883,0.021156693387534883,0.021156693387534883,4100,Lingual_R,Pallidum_L
4351,47,75,48,76,-0.014345236206738837,0.014345236206738837,0.014345236206738837,4526,Lingual_R,Pallidum_R
4352,47,76,48,77,-0.11418114209853393,0.11418114209853393,0.11418114209853393,1019,Lingual_R,Thalamus_L
4353,47,77,48,78,-0.06229085651368345,0.06229085651368345,0.06229085651368345,2149,Lingual_R,Thalamus_R
4354,47,78,48,79,-0.020389141165443735,0.020389141165443735,0.020389141165443735,4145,Lingual_R,Heschl_L
4355,47,79,48,80,0.009934309642934966,0.009934309642934966,0.009934309642934966,4853,Lingual_R,Heschl_R
4356,47,80,48,81,0.0015021046571147476,0.0015021046571147476,0.0015021046571147476,5470,Lingual_R,Temporal_Sup_L
4357,47,81,48,82,0.059571121421968645,0.059571121421968645,0.059571121421968645,2242,Lingual_R,Temporal_Sup_R
4358,47,82,48,83,-0.00849809387704309,0.00849809387704309,0.00849809387704309,4950,Lingual_R,Temporal_Pole_Sup_L
4359,47,83,48,84,0.06377983708994861,0.06377983708994861,0.06377983708994861,2104,Lingual_R,Temporal_Pole_Sup_R
4360,47,84,48,85,0.026123998879776556,0.026123998879776556,0.026123998879776556,3787,Lingual_R,Temporal_Mid_L
4361,47,85,48,86,0.08114759237779892,0.08114759237779892,0.08114759237779892,1628,Lingual_R,Temporal_Mid_R
4362,47,86,48,87,0.04969599268050898,0.04969599268050898,0.04969599268050898,2604,Lingual_R,Temporal_Pole_Mid_L
4363,47,87,48,88,-0.022609799403154426,0.022609799403154426,0.022609799403154426,4006,Lingual_R,Temporal_Pole_Mid_R
4364,47,88,48,89,-0.0022549638904765176,0.0022549638904765176,0.0022549638904765176,5400,Lingual_R,Temporal_Inf_L
4365,47,89,48,90,-0.016527452267636702,0.016527452267636702,0.016527452267636702,4372,Lingual_R,Temporal_Inf_R
4366,47,90,48,91,-0.06798235431212454,0.06798235431212454,0.06798235431212454,1960,Lingual_R,Cerebelum_Crus1_L
4367,47,91,48,92,0.05029181453833163,0.05029181453833163,0.05029181453833163,2575,Lingual_R,Cerebelum_Crus1_R
4368,47,92,48,93,-0.05484697806633091,0.05484697806633091,0.05484697806633091,2404,Lingual_R,Cerebelum_Crus2_L
4369,47,93,48,94,0.04485702174223326,0.04485702174223326,0.04485702174223326,2788,Lingual_R,Cerebelum_Crus2_R
4370,47,94,48,95,-0.00555131848859107,0.00555131848859107,0.00555131848859107,5148,Lingual_R,Cerebelum_3_L
4371,47,95,48,96,-0.05657468470035117,0.05657468470035117,0.05657468470035117,2345,Lingual_R,Cerebelum_3_R
4372,47,96,48,97,-0.0795640543856969,0.0795640543856969,0.0795640543856969,1665,Lingual_R,Cerebelum_4_5_L
4373,47,97,48,98,-0.011711614010326117,0.011711614010326117,0.011711614010326117,4734,Lingual_R,Cerebelum_4_5_R
4374,47,98,48,99,-0.02935816712045472,0.02935816712045472,0.02935816712045472,3600,Lingual_R,Cerebelum_6_L
4375,47,99,48,100,-0.004369927510461483,0.004369927510461483,0.004369927510461483,5241,Lingual_R,Cerebelum_6_R
4376,47,100,48,101,-0.015337834023919496,0.015337834023919496,0.015337834023919496,4459,Lingual_R,Cerebelum_7b_L
4377,47,101,48,102,0.04897530721620436,0.04897530721620436,0.04897530721620436,2625,Lingual_R,Cerebelum_7b_R
4378,47,102,48,103,-0.06123499537021312,0.06123499537021312,0.06123499537021312,2192,Lingual_R,Cerebelum_8_L
4379,47,103,48,104,0.020335970288338175,0.020335970288338175,0.020335970288338175,4147,Lingual_R,Cerebelum_8_R
4380,47,104,48,105,-0.030902642753012466,0.030902642753012466,0.030902642753012466,3500,Lingual_R,Cerebelum_9_L
4381,47,105,48,106,-0.06712205599763492,0.06712205599763492,0.06712205599763492,1993,Lingual_R,Cerebelum_9_R
4382,47,106,48,107,-0.07676438353152691,0.07676438353152691,0.07676438353152691,1738,Lingual_R,Cerebelum_10_L
4383,47,107,48,108,-0.07842112343142861,0.07842112343142861,0.07842112343142861,1694,Lingual_R,Cerebelum_10_R
4384,47,108,48,109,-0.05223732748565326,0.05223732748565326,0.05223732748565326,2497,Lingual_R,Vermis_1_2
4385,47,109,48,110,-0.04417153793276586,0.04417153793276586,0.04417153793276586,2820,Lingual_R,Vermis_3
4386,47,110,48,111,-0.032671938391271714,0.032671938391271714,0.032671938391271714,3395,Lingual_R,Vermis_4_5
4387,47,111,48,112,-0.012171786796787848,0.012171786796787848,0.012171786796787848,4699,Lingual_R,Vermis_6
4388,47,112,48,113,-0.014914683215927278,0.014914683215927278,0.014914683215927278,4484,Lingual_R,Vermis_7
4389,47,113,48,114,-0.016845343035882723,0.016845343035882723,0.016845343035882723,4347,Lingual_R,Vermis_8
4390,47,114,48,115,-0.01603754483273353,0.01603754483273353,0.01603754483273353,4408,Lingual_R,Vermis_9
4391,47,115,48,116,-0.032995021477028805,0.032995021477028805,0.032995021477028805,3372,Lingual_R,Vermis_10
4392,48,49,49,50,-0.02835270281793881,0.02835270281793881,0.02835270281793881,3641,Occipital_Sup_L,Occipital_Sup_R
4393,48,50,49,51,0.044184888893946866,0.044184888893946866,0.044184888893946866,2818,Occipital_Sup_L,Occipital_Mid_L
4394,48,51,49,52,0.0877448429233054,0.0877448429233054,0.0877448429233054,1484,Occipital_Sup_L,Occipital_Mid_R
4395,48,52,49,53,0.05020143767902571,0.05020143767902571,0.05020143767902571,2581,Occipital_Sup_L,Occipital_Inf_L
4396,48,53,49,54,0.04704720554527085,0.04704720554527085,0.04704720554527085,2704,Occipital_Sup_L,Occipital_Inf_R
4397,48,54,49,55,-0.014008354561469498,0.014008354561469498,0.014008354561469498,4546,Occipital_Sup_L,Fusiform_L
4398,48,55,49,56,0.013125019100030185,0.013125019100030185,0.013125019100030185,4624,Occipital_Sup_L,Fusiform_R
4399,48,56,49,57,0.0394023205392806,0.0394023205392806,0.0394023205392806,3057,Occipital_Sup_L,Postcentral_L
4400,48,57,49,58,-0.01626583985279177,0.01626583985279177,0.01626583985279177,4393,Occipital_Sup_L,Postcentral_R
4401,48,58,49,59,0.000495810958581284,0.000495810958581284,0.000495810958581284,6116,Occipital_Sup_L,Parietal_Sup_L
4402,48,59,49,60,0.0005448359958835835,0.0005448359958835835,0.0005448359958835835,5882,Occipital_Sup_L,Parietal_Sup_R
4403,48,60,49,61,-0.07036880140492927,0.07036880140492927,0.07036880140492927,1894,Occipital_Sup_L,Parietal_Inf_L
4404,48,61,49,62,0.0004718478797515426,0.0004718478797515426,0.0004718478797515426,6343,Occipital_Sup_L,Parietal_Inf_R
4405,48,62,49,63,0.0005284738461033911,0.0005284738461033911,0.0005284738461033911,5930,Occipital_Sup_L,SupraMarginal_L
4406,48,63,49,64,0.086955095706577,0.086955095706577,0.086955095706577,1502,Occipital_Sup_L,SupraMarginal_R
4407,48,64,49,65,-0.019354623626722543,0.019354623626722543,0.019354623626722543,4204,Occipital_Sup_L,Angular_L
4408,48,65,49,66,0.000870223158257045,0.000870223158257045,0.000870223158257045,5560,Occipital_Sup_L,Angular_R
4409,48,66,49,67,0.0006891397108909696,0.0006891397108909696,0.0006891397108909696,5651,Occipital_Sup_L,Precuneus_L
4410,48,67,49,68,-0.03384865088432994,0.03384865088432994,0.03384865088432994,3320,Occipital_Sup_L,Precuneus_R
4411,48,68,49,69,-0.05092242837836815,0.05092242837836815,0.05092242837836815,2549,Occipital_Sup_L,Paracentral_Lobule_L
4412,48,69,49,70,-0.024830010010661617,0.024830010010661617,0.024830010010661617,3854,Occipital_Sup_L,Paracentral_Lobule_R
4413,48,70,49,71,-0.006613951759260927,0.006613951759260927,0.006613951759260927,5077,Occipital_Sup_L,Caudate_L
4414,48,71,49,72,0.053535942053654875,0.053535942053654875,0.053535942053654875,2445,Occipital_Sup_L,Caudate_R
4415,48,72,49,73,0.038568879018363436,0.038568879018363436,0.038568879018363436,3094,Occipital_Sup_L,Putamen_L
4416,48,73,49,74,0.06373990686025527,0.06373990686025527,0.06373990686025527,2107,Occipital_Sup_L,Putamen_R
4417,48,74,49,75,0.028600487669533867,0.028600487669533867,0.028600487669533867,3629,Occipital_Sup_L,Pallidum_L
4418,48,75,49,76,0.023622562592717455,0.023622562592717455,0.023622562592717455,3931,Occipital_Sup_L,Pallidum_R
4419,48,76,49,77,-0.14664569434158195,0.14664569434158195,0.14664569434158195,654,Occipital_Sup_L,Thalamus_L
4420,48,77,49,78,0.011829649889633713,0.011829649889633713,0.011829649889633713,4727,Occipital_Sup_L,Thalamus_R
4421,48,78,49,79,0.004177340210697688,0.004177340210697688,0.004177340210697688,5258,Occipital_Sup_L,Heschl_L
4422,48,79,49,80,0.0801399012260024,0.0801399012260024,0.0801399012260024,1655,Occipital_Sup_L,Heschl_R
4423,48,80,49,81,0.10673574859462737,0.10673574859462737,0.10673574859462737,1133,Occipital_Sup_L,Temporal_Sup_L
4424,48,81,49,82,0.09893536672165948,0.09893536672165948,0.09893536672165948,1268,Occipital_Sup_L,Temporal_Sup_R
4425,48,82,49,83,0.06688367228125784,0.06688367228125784,0.06688367228125784,2004,Occipital_Sup_L,Temporal_Pole_Sup_L
4426,48,83,49,84,0.09801984095513173,0.09801984095513173,0.09801984095513173,1281,Occipital_Sup_L,Temporal_Pole_Sup_R
4427,48,84,49,85,0.02909515473543143,0.02909515473543143,0.02909515473543143,3609,Occipital_Sup_L,Temporal_Mid_L
4428,48,85,49,86,0.08014671555677678,0.08014671555677678,0.08014671555677678,1654,Occipital_Sup_L,Temporal_Mid_R
4429,48,86,49,87,0.04258665512076313,0.04258665512076313,0.04258665512076313,2889,Occipital_Sup_L,Temporal_Pole_Mid_L
4430,48,87,49,88,-0.07267354815638448,0.07267354815638448,0.07267354815638448,1831,Occipital_Sup_L,Temporal_Pole_Mid_R
4431,48,88,49,89,0.011741156411453192,0.011741156411453192,0.011741156411453192,4731,Occipital_Sup_L,Temporal_Inf_L
4432,48,89,49,90,-0.0008671532805005104,0.0008671532805005104,0.0008671532805005104,5574,Occipital_Sup_L,Temporal_Inf_R
4433,48,90,49,91,-0.021966521265698872,0.021966521265698872,0.021966521265698872,4050,Occipital_Sup_L,Cerebelum_Crus1_L
4434,48,91,49,92,-0.0039537734952194165,0.0039537734952194165,0.0039537734952194165,5280,Occipital_Sup_L,Cerebelum_Crus1_R
4435,48,92,49,93,-0.02942518932230028,0.02942518932230028,0.02942518932230028,3595,Occipital_Sup_L,Cerebelum_Crus2_L
4436,48,93,49,94,0.014008325949233319,0.014008325949233319,0.014008325949233319,4547,Occipital_Sup_L,Cerebelum_Crus2_R
4437,48,94,49,95,0.03189129409603932,0.03189129409603932,0.03189129409603932,3443,Occipital_Sup_L,Cerebelum_3_L
4438,48,95,49,96,0.016519767216485907,0.016519767216485907,0.016519767216485907,4374,Occipital_Sup_L,Cerebelum_3_R
4439,48,96,49,97,-0.04125527915047126,0.04125527915047126,0.04125527915047126,2955,Occipital_Sup_L,Cerebelum_4_5_L
4440,48,97,49,98,0.00619013727439707,0.00619013727439707,0.00619013727439707,5106,Occipital_Sup_L,Cerebelum_4_5_R
4441,48,98,49,99,0.0232210718391216,0.0232210718391216,0.0232210718391216,3958,Occipital_Sup_L,Cerebelum_6_L
4442,48,99,49,100,0.06156118809781806,0.06156118809781806,0.06156118809781806,2179,Occipital_Sup_L,Cerebelum_6_R
4443,48,100,49,101,0.02087720526730252,0.02087720526730252,0.02087720526730252,4118,Occipital_Sup_L,Cerebelum_7b_L
4444,48,101,49,102,0.06823184609772717,0.06823184609772717,0.06823184609772717,1953,Occipital_Sup_L,Cerebelum_7b_R
4445,48,102,49,103,-0.023599958453488556,0.023599958453488556,0.023599958453488556,3935,Occipital_Sup_L,Cerebelum_8_L
4446,48,103,49,104,-0.013618264365425249,0.013618264365425249,0.013618264365425249,4591,Occipital_Sup_L,Cerebelum_8_R
4447,48,104,49,105,-0.06635610149273972,0.06635610149273972,0.06635610149273972,2025,Occipital_Sup_L,Cerebelum_9_L
4448,48,105,49,106,-0.01983698626625034,0.01983698626625034,0.01983698626625034,4173,Occipital_Sup_L,Cerebelum_9_R
4449,48,106,49,107,-0.015627820732622172,0.015627820732622172,0.015627820732622172,4441,Occipital_Sup_L,Cerebelum_10_L
4450,48,107,49,108,-0.016933811868459936,0.016933811868459936,0.016933811868459936,4339,Occipital_Sup_L,Cerebelum_10_R
4451,48,108,49,109,-0.015360247709558064,0.015360247709558064,0.015360247709558064,4457,Occipital_Sup_L,Vermis_1_2
4452,48,109,49,110,-0.010561157040019649,0.010561157040019649,0.010561157040019649,4809,Occipital_Sup_L,Vermis_3
4453,48,110,49,111,-0.026463408939152538,0.026463408939152538,0.026463408939152538,3763,Occipital_Sup_L,Vermis_4_5
4454,48,111,49,112,-0.005046536492663802,0.005046536492663802,0.005046536492663802,5192,Occipital_Sup_L,Vermis_6
4455,48,112,49,113,0.007164718012157323,0.007164718012157323,0.007164718012157323,5040,Occipital_Sup_L,Vermis_7
4456,48,113,49,114,0.026695234014826374,0.026695234014826374,0.026695234014826374,3748,Occipital_Sup_L,Vermis_8
4457,48,114,49,115,0.017009189091152944,0.017009189091152944,0.017009189091152944,4337,Occipital_Sup_L,Vermis_9
4458,48,115,49,116,-0.061311970667672744,0.061311970667672744,0.061311970667672744,2191,Occipital_Sup_L,Vermis_10
4459,49,50,50,51,0.031258045722857036,0.031258045722857036,0.031258045722857036,3475,Occipital_Sup_R,Occipital_Mid_L
4460,49,51,50,52,0.06493233544796825,0.06493233544796825,0.06493233544796825,2062,Occipital_Sup_R,Occipital_Mid_R
4461,49,52,50,53,0.03370932272138001,0.03370932272138001,0.03370932272138001,3325,Occipital_Sup_R,Occipital_Inf_L
4462,49,53,50,54,0.006492619427543291,0.006492619427543291,0.006492619427543291,5089,Occipital_Sup_R,Occipital_Inf_R
4463,49,54,50,55,-0.01109396535824578,0.01109396535824578,0.01109396535824578,4783,Occipital_Sup_R,Fusiform_L
4464,49,55,50,56,0.00030908405289077276,0.00030908405289077276,0.00030908405289077276,6637,Occipital_Sup_R,Fusiform_R
4465,49,56,50,57,-0.014907768989563974,0.014907768989563974,0.014907768989563974,4485,Occipital_Sup_R,Postcentral_L
4466,49,57,50,58,-0.06733598355665715,0.06733598355665715,0.06733598355665715,1985,Occipital_Sup_R,Postcentral_R
4467,49,58,50,59,0.0004983532947544958,0.0004983532947544958,0.0004983532947544958,6098,Occipital_Sup_R,Parietal_Sup_L
4468,49,59,50,60,0.0005431360007501798,0.0005431360007501798,0.0005431360007501798,5887,Occipital_Sup_R,Parietal_Sup_R
4469,49,60,50,61,-0.035573939507842815,0.035573939507842815,0.035573939507842815,3218,Occipital_Sup_R,Parietal_Inf_L
4470,49,61,50,62,0.0004710499927144687,0.0004710499927144687,0.0004710499927144687,6348,Occipital_Sup_R,Parietal_Inf_R
4471,49,62,50,63,0.0005048041726578808,0.0005048041726578808,0.0005048041726578808,6061,Occipital_Sup_R,SupraMarginal_L
4472,49,63,50,64,-0.11614375390771849,0.11614375390771849,0.11614375390771849,993,Occipital_Sup_R,SupraMarginal_R
4473,49,64,50,65,0.009291135817357752,0.009291135817357752,0.009291135817357752,4902,Occipital_Sup_R,Angular_L
4474,49,65,50,66,0.0008710314049277225,0.0008710314049277225,0.0008710314049277225,5556,Occipital_Sup_R,Angular_R
4475,49,66,50,67,-0.012797147702270827,0.012797147702270827,0.012797147702270827,4647,Occipital_Sup_R,Precuneus_L
4476,49,67,50,68,-0.04591223641778772,0.04591223641778772,0.04591223641778772,2746,Occipital_Sup_R,Precuneus_R
4477,49,68,50,69,-0.08900333773706325,0.08900333773706325,0.08900333773706325,1460,Occipital_Sup_R,Paracentral_Lobule_L
4478,49,69,50,70,-0.08819580657374866,0.08819580657374866,0.08819580657374866,1473,Occipital_Sup_R,Paracentral_Lobule_R
4479,49,70,50,71,-0.013455625438164063,0.013455625438164063,0.013455625438164063,4602,Occipital_Sup_R,Caudate_L
4480,49,71,50,72,0.061690944397567636,0.061690944397567636,0.061690944397567636,2170,Occipital_Sup_R,Caudate_R
4481,49,72,50,73,0.01346011599665821,0.01346011599665821,0.01346011599665821,4601,Occipital_Sup_R,Putamen_L
4482,49,73,50,74,0.0389212075683342,0.0389212075683342,0.0389212075683342,3082,Occipital_Sup_R,Putamen_R
4483,49,74,50,75,0.00758258072632849,0.00758258072632849,0.00758258072632849,5013,Occipital_Sup_R,Pallidum_L
4484,49,75,50,76,-0.007341303718737364,0.007341303718737364,0.007341303718737364,5030,Occipital_Sup_R,Pallidum_R
4485,49,76,50,77,-0.1949888860994048,0.1949888860994048,0.1949888860994048,329,Occipital_Sup_R,Thalamus_L
4486,49,77,50,78,-0.057536990565555585,0.057536990565555585,0.057536990565555585,2316,Occipital_Sup_R,Thalamus_R
4487,49,78,50,79,-0.022365505275965047,0.022365505275965047,0.022365505275965047,4026,Occipital_Sup_R,Heschl_L
4488,49,79,50,80,0.028383334831816747,0.028383334831816747,0.028383334831816747,3637,Occipital_Sup_R,Heschl_R
4489,49,80,50,81,-0.073863796901354,0.073863796901354,0.073863796901354,1806,Occipital_Sup_R,Temporal_Sup_L
4490,49,81,50,82,-0.06713436716253893,0.06713436716253893,0.06713436716253893,1991,Occipital_Sup_R,Temporal_Sup_R
4491,49,82,50,83,0.023251735700859293,0.023251735700859293,0.023251735700859293,3954,Occipital_Sup_R,Temporal_Pole_Sup_L
4492,49,83,50,84,0.06388244449799863,0.06388244449799863,0.06388244449799863,2098,Occipital_Sup_R,Temporal_Pole_Sup_R
4493,49,84,50,85,-0.0028263316184283303,0.0028263316184283303,0.0028263316184283303,5367,Occipital_Sup_R,Temporal_Mid_L
4494,49,85,50,86,0.0433111985767663,0.0433111985767663,0.0433111985767663,2858,Occipital_Sup_R,Temporal_Mid_R
4495,49,86,50,87,0.028194214768269544,0.028194214768269544,0.028194214768269544,3658,Occipital_Sup_R,Temporal_Pole_Mid_L
4496,49,87,50,88,-0.04493555454870561,0.04493555454870561,0.04493555454870561,2785,Occipital_Sup_R,Temporal_Pole_Mid_R
4497,49,88,50,89,-0.03311425114975125,0.03311425114975125,0.03311425114975125,3365,Occipital_Sup_R,Temporal_Inf_L
4498,49,89,50,90,-0.006341007690084706,0.006341007690084706,0.006341007690084706,5093,Occipital_Sup_R,Temporal_Inf_R
4499,49,90,50,91,-0.033418985660390955,0.033418985660390955,0.033418985660390955,3345,Occipital_Sup_R,Cerebelum_Crus1_L
4500,49,91,50,92,0.00414750116495696,0.00414750116495696,0.00414750116495696,5259,Occipital_Sup_R,Cerebelum_Crus1_R
4501,49,92,50,93,-0.034706421353835566,0.034706421353835566,0.034706421353835566,3270,Occipital_Sup_R,Cerebelum_Crus2_L
4502,49,93,50,94,0.02330873487553687,0.02330873487553687,0.02330873487553687,3950,Occipital_Sup_R,Cerebelum_Crus2_R
4503,49,94,50,95,0.01872804459946764,0.01872804459946764,0.01872804459946764,4242,Occipital_Sup_R,Cerebelum_3_L
4504,49,95,50,96,0.0007913135529346475,0.0007913135529346475,0.0007913135529346475,5630,Occipital_Sup_R,Cerebelum_3_R
4505,49,96,50,97,-0.10125620146821167,0.10125620146821167,0.10125620146821167,1223,Occipital_Sup_R,Cerebelum_4_5_L
4506,49,97,50,98,-0.04228803882784829,0.04228803882784829,0.04228803882784829,2899,Occipital_Sup_R,Cerebelum_4_5_R
4507,49,98,50,99,-0.06328429861735563,0.06328429861735563,0.06328429861735563,2123,Occipital_Sup_R,Cerebelum_6_L
4508,49,99,50,100,0.003327986471243313,0.003327986471243313,0.003327986471243313,5329,Occipital_Sup_R,Cerebelum_6_R
4509,49,100,50,101,0.007502927953923654,0.007502927953923654,0.007502927953923654,5020,Occipital_Sup_R,Cerebelum_7b_L
4510,49,101,50,102,0.09317430878940466,0.09317430878940466,0.09317430878940466,1382,Occipital_Sup_R,Cerebelum_7b_R
4511,49,102,50,103,-0.09978802082119037,0.09978802082119037,0.09978802082119037,1252,Occipital_Sup_R,Cerebelum_8_L
4512,49,103,50,104,-0.09284441301441403,0.09284441301441403,0.09284441301441403,1389,Occipital_Sup_R,Cerebelum_8_R
4513,49,104,50,105,-0.08044386810097671,0.08044386810097671,0.08044386810097671,1641,Occipital_Sup_R,Cerebelum_9_L
4514,49,105,50,106,-0.041954030218489646,0.041954030218489646,0.041954030218489646,2914,Occipital_Sup_R,Cerebelum_9_R
4515,49,106,50,107,-0.07130344713850512,0.07130344713850512,0.07130344713850512,1865,Occipital_Sup_R,Cerebelum_10_L
4516,49,107,50,108,0.030188312192127864,0.030188312192127864,0.030188312192127864,3549,Occipital_Sup_R,Cerebelum_10_R
4517,49,108,50,109,-0.04475189962836559,0.04475189962836559,0.04475189962836559,2795,Occipital_Sup_R,Vermis_1_2
4518,49,109,50,110,-0.026284629667785483,0.026284629667785483,0.026284629667785483,3779,Occipital_Sup_R,Vermis_3
4519,49,110,50,111,-0.03196828184142133,0.03196828184142133,0.03196828184142133,3437,Occipital_Sup_R,Vermis_4_5
4520,49,111,50,112,-0.02776656309258535,0.02776656309258535,0.02776656309258535,3686,Occipital_Sup_R,Vermis_6
4521,49,112,50,113,0.023232662360706726,0.023232662360706726,0.023232662360706726,3957,Occipital_Sup_R,Vermis_7
4522,49,113,50,114,0.002793972565432899,0.002793972565432899,0.002793972565432899,5368,Occipital_Sup_R,Vermis_8
4523,49,114,50,115,0.008709046180759582,0.008709046180759582,0.008709046180759582,4936,Occipital_Sup_R,Vermis_9
4524,49,115,50,116,-0.07592635333254294,0.07592635333254294,0.07592635333254294,1763,Occipital_Sup_R,Vermis_10
4525,50,51,51,52,0.03497753810218667,0.03497753810218667,0.03497753810218667,3256,Occipital_Mid_L,Occipital_Mid_R
4526,50,52,51,53,0.04212980399582609,0.04212980399582609,0.04212980399582609,2905,Occipital_Mid_L,Occipital_Inf_L
4527,50,53,51,54,-0.0013365620591451975,0.0013365620591451975,0.0013365620591451975,5482,Occipital_Mid_L,Occipital_Inf_R
4528,50,54,51,55,0.03937089130078748,0.03937089130078748,0.03937089130078748,3060,Occipital_Mid_L,Fusiform_L
4529,50,55,51,56,0.06962960981235339,0.06962960981235339,0.06962960981235339,1916,Occipital_Mid_L,Fusiform_R
4530,50,56,51,57,0.013363759301795945,0.013363759301795945,0.013363759301795945,4608,Occipital_Mid_L,Postcentral_L
4531,50,57,51,58,-0.03707205998268604,0.03707205998268604,0.03707205998268604,3157,Occipital_Mid_L,Postcentral_R
4532,50,58,51,59,0.0005267410979917496,0.0005267410979917496,0.0005267410979917496,5937,Occipital_Mid_L,Parietal_Sup_L
4533,50,59,51,60,0.0005639526237914664,0.0005639526237914664,0.0005639526237914664,5826,Occipital_Mid_L,Parietal_Sup_R
4534,50,60,51,61,-0.07190592556314054,0.07190592556314054,0.07190592556314054,1853,Occipital_Mid_L,Parietal_Inf_L
4535,50,61,51,62,0.0004922017503967092,0.0004922017503967092,0.0004922017503967092,6140,Occipital_Mid_L,Parietal_Inf_R
4536,50,62,51,63,0.0005166780074614166,0.0005166780074614166,0.0005166780074614166,5983,Occipital_Mid_L,SupraMarginal_L
4537,50,63,51,64,0.09225330697814574,0.09225330697814574,0.09225330697814574,1398,Occipital_Mid_L,SupraMarginal_R
4538,50,64,51,65,0.033559880721092165,0.033559880721092165,0.033559880721092165,3336,Occipital_Mid_L,Angular_L
4539,50,65,51,66,0.0008888411666179617,0.0008888411666179617,0.0008888411666179617,5522,Occipital_Mid_L,Angular_R
4540,50,66,51,67,0.028407206410373403,0.028407206410373403,0.028407206410373403,3634,Occipital_Mid_L,Precuneus_L
4541,50,67,51,68,0.035576903164155654,0.035576903164155654,0.035576903164155654,3217,Occipital_Mid_L,Precuneus_R
4542,50,68,51,69,-0.06777115797649731,0.06777115797649731,0.06777115797649731,1971,Occipital_Mid_L,Paracentral_Lobule_L
4543,50,69,51,70,-0.03753572127935152,0.03753572127935152,0.03753572127935152,3134,Occipital_Mid_L,Paracentral_Lobule_R
4544,50,70,51,71,-0.01641046145068201,0.01641046145068201,0.01641046145068201,4381,Occipital_Mid_L,Caudate_L
4545,50,71,51,72,0.03338685401640301,0.03338685401640301,0.03338685401640301,3349,Occipital_Mid_L,Caudate_R
4546,50,72,51,73,0.023048941996655876,0.023048941996655876,0.023048941996655876,3972,Occipital_Mid_L,Putamen_L
4547,50,73,51,74,0.049197121428252354,0.049197121428252354,0.049197121428252354,2618,Occipital_Mid_L,Putamen_R
4548,50,74,51,75,0.02800828792659795,0.02800828792659795,0.02800828792659795,3670,Occipital_Mid_L,Pallidum_L
4549,50,75,51,76,0.0680494667713233,0.0680494667713233,0.0680494667713233,1956,Occipital_Mid_L,Pallidum_R
4550,50,76,51,77,-0.08969190653359008,0.08969190653359008,0.08969190653359008,1442,Occipital_Mid_L,Thalamus_L
4551,50,77,51,78,0.03270147436740667,0.03270147436740667,0.03270147436740667,3389,Occipital_Mid_L,Thalamus_R
4552,50,78,51,79,0.01346195831651359,0.01346195831651359,0.01346195831651359,4600,Occipital_Mid_L,Heschl_L
4553,50,79,51,80,0.07186861146312104,0.07186861146312104,0.07186861146312104,1854,Occipital_Mid_L,Heschl_R
4554,50,80,51,81,0.1549810248924004,0.1549810248924004,0.1549810248924004,568,Occipital_Mid_L,Temporal_Sup_L
4555,50,81,51,82,0.1589047130442579,0.1589047130442579,0.1589047130442579,538,Occipital_Mid_L,Temporal_Sup_R
4556,50,82,51,83,0.10332861537018073,0.10332861537018073,0.10332861537018073,1189,Occipital_Mid_L,Temporal_Pole_Sup_L
4557,50,83,51,84,0.124449891776034,0.124449891776034,0.124449891776034,882,Occipital_Mid_L,Temporal_Pole_Sup_R
4558,50,84,51,85,0.08913053412668866,0.08913053412668866,0.08913053412668866,1455,Occipital_Mid_L,Temporal_Mid_L
4559,50,85,51,86,0.1462041636515299,0.1462041636515299,0.1462041636515299,663,Occipital_Mid_L,Temporal_Mid_R
4560,50,86,51,87,0.050034167836409585,0.050034167836409585,0.050034167836409585,2593,Occipital_Mid_L,Temporal_Pole_Mid_L
4561,50,87,51,88,-0.00022431154137536098,0.00022431154137536098,0.00022431154137536098,6650,Occipital_Mid_L,Temporal_Pole_Mid_R
4562,50,88,51,89,-0.011138169691288126,0.011138169691288126,0.011138169691288126,4781,Occipital_Mid_L,Temporal_Inf_L
4563,50,89,51,90,0.08543697121223044,0.08543697121223044,0.08543697121223044,1532,Occipital_Mid_L,Temporal_Inf_R
4564,50,90,51,91,-0.04039592456039452,0.04039592456039452,0.04039592456039452,3008,Occipital_Mid_L,Cerebelum_Crus1_L
4565,50,91,51,92,-0.06885084933305356,0.06885084933305356,0.06885084933305356,1935,Occipital_Mid_L,Cerebelum_Crus1_R
4566,50,92,51,93,-0.04056675064694618,0.04056675064694618,0.04056675064694618,3000,Occipital_Mid_L,Cerebelum_Crus2_L
4567,50,93,51,94,-0.0435831994516703,0.0435831994516703,0.0435831994516703,2850,Occipital_Mid_L,Cerebelum_Crus2_R
4568,50,94,51,95,0.022985307433588894,0.022985307433588894,0.022985307433588894,3978,Occipital_Mid_L,Cerebelum_3_L
4569,50,95,51,96,-0.011688618404560269,0.011688618404560269,0.011688618404560269,4736,Occipital_Mid_L,Cerebelum_3_R
4570,50,96,51,97,-0.05182522393152639,0.05182522393152639,0.05182522393152639,2513,Occipital_Mid_L,Cerebelum_4_5_L
4571,50,97,51,98,-0.042588843569601346,0.042588843569601346,0.042588843569601346,2888,Occipital_Mid_L,Cerebelum_4_5_R
4572,50,98,51,99,0.049436007959808896,0.049436007959808896,0.049436007959808896,2608,Occipital_Mid_L,Cerebelum_6_L
4573,50,99,51,100,-0.014103626871166012,0.014103626871166012,0.014103626871166012,4539,Occipital_Mid_L,Cerebelum_6_R
4574,50,100,51,101,0.01792463458828764,0.01792463458828764,0.01792463458828764,4285,Occipital_Mid_L,Cerebelum_7b_L
4575,50,101,51,102,0.010558953175082087,0.010558953175082087,0.010558953175082087,4810,Occipital_Mid_L,Cerebelum_7b_R
4576,50,102,51,103,-0.03410516683137391,0.03410516683137391,0.03410516683137391,3303,Occipital_Mid_L,Cerebelum_8_L
4577,50,103,51,104,-0.053428744740505386,0.053428744740505386,0.053428744740505386,2448,Occipital_Mid_L,Cerebelum_8_R
4578,50,104,51,105,-0.012379836446472146,0.012379836446472146,0.012379836446472146,4686,Occipital_Mid_L,Cerebelum_9_L
4579,50,105,51,106,0.001021609012088334,0.001021609012088334,0.001021609012088334,5501,Occipital_Mid_L,Cerebelum_9_R
4580,50,106,51,107,-0.048233691445525945,0.048233691445525945,0.048233691445525945,2652,Occipital_Mid_L,Cerebelum_10_L
4581,50,107,51,108,-0.0057553946157543195,0.0057553946157543195,0.0057553946157543195,5133,Occipital_Mid_L,Cerebelum_10_R
4582,50,108,51,109,-0.024585969988146345,0.024585969988146345,0.024585969988146345,3869,Occipital_Mid_L,Vermis_1_2
4583,50,109,51,110,-0.024337521630255522,0.024337521630255522,0.024337521630255522,3891,Occipital_Mid_L,Vermis_3
4584,50,110,51,111,-0.01250858068568633,0.01250858068568633,0.01250858068568633,4675,Occipital_Mid_L,Vermis_4_5
4585,50,111,51,112,-0.01645465033530174,0.01645465033530174,0.01645465033530174,4378,Occipital_Mid_L,Vermis_6
4586,50,112,51,113,0.004001142056436263,0.004001142056436263,0.004001142056436263,5275,Occipital_Mid_L,Vermis_7
4587,50,113,51,114,-0.012154592765403862,0.012154592765403862,0.012154592765403862,4702,Occipital_Mid_L,Vermis_8
4588,50,114,51,115,0.0032227361604057277,0.0032227361604057277,0.0032227361604057277,5338,Occipital_Mid_L,Vermis_9
4589,50,115,51,116,-0.03479342645679898,0.03479342645679898,0.03479342645679898,3263,Occipital_Mid_L,Vermis_10
4590,51,52,52,53,0.02654482896179798,0.02654482896179798,0.02654482896179798,3757,Occipital_Mid_R,Occipital_Inf_L
4591,51,53,52,54,-0.007770746770480291,0.007770746770480291,0.007770746770480291,5002,Occipital_Mid_R,Occipital_Inf_R
4592,51,54,52,55,0.011474750078571122,0.011474750078571122,0.011474750078571122,4758,Occipital_Mid_R,Fusiform_L
4593,51,55,52,56,0.049200505737797766,0.049200505737797766,0.049200505737797766,2617,Occipital_Mid_R,Fusiform_R
4594,51,56,52,57,0.0128117038206693,0.0128117038206693,0.0128117038206693,4645,Occipital_Mid_R,Postcentral_L
4595,51,57,52,58,-0.05611772750607676,0.05611772750607676,0.05611772750607676,2366,Occipital_Mid_R,Postcentral_R
4596,51,58,52,59,0.0005131029190899499,0.0005131029190899499,0.0005131029190899499,6001,Occipital_Mid_R,Parietal_Sup_L
4597,51,59,52,60,0.0005546365316861364,0.0005546365316861364,0.0005546365316861364,5856,Occipital_Mid_R,Parietal_Sup_R
4598,51,60,52,61,-0.13548024246142906,0.13548024246142906,0.13548024246142906,769,Occipital_Mid_R,Parietal_Inf_L
4599,51,61,52,62,0.00047431813012469845,0.00047431813012469845,0.00047431813012469845,6312,Occipital_Mid_R,Parietal_Inf_R
4600,51,62,52,63,0.0005047142979192832,0.0005047142979192832,0.0005047142979192832,6062,Occipital_Mid_R,SupraMarginal_L
4601,51,63,52,64,0.0015447614357455013,0.0015447614357455013,0.0015447614357455013,5465,Occipital_Mid_R,SupraMarginal_R
4602,51,64,52,65,-0.12037941041845046,0.12037941041845046,0.12037941041845046,933,Occipital_Mid_R,Angular_L
4603,51,65,52,66,0.0008404352323885604,0.0008404352323885604,0.0008404352323885604,5622,Occipital_Mid_R,Angular_R
4604,51,66,52,67,-0.027341959112324923,0.027341959112324923,0.027341959112324923,3715,Occipital_Mid_R,Precuneus_L
4605,51,67,52,68,-0.04868823930914919,0.04868823930914919,0.04868823930914919,2637,Occipital_Mid_R,Precuneus_R
4606,51,68,52,69,-0.05793358494163307,0.05793358494163307,0.05793358494163307,2300,Occipital_Mid_R,Paracentral_Lobule_L
4607,51,69,52,70,-0.04188874668866381,0.04188874668866381,0.04188874668866381,2920,Occipital_Mid_R,Paracentral_Lobule_R
4608,51,70,52,71,-0.0060561115232946805,0.0060561115232946805,0.0060561115232946805,5115,Occipital_Mid_R,Caudate_L
4609,51,71,52,72,0.021792485142050864,0.021792485142050864,0.021792485142050864,4063,Occipital_Mid_R,Caudate_R
4610,51,72,52,73,0.03666497305317438,0.03666497305317438,0.03666497305317438,3171,Occipital_Mid_R,Putamen_L
4611,51,73,52,74,0.06600910452639058,0.06600910452639058,0.06600910452639058,2037,Occipital_Mid_R,Putamen_R
4612,51,74,52,75,-0.0004446560602245025,0.0004446560602245025,0.0004446560602245025,6522,Occipital_Mid_R,Pallidum_L
4613,51,75,52,76,0.06952041155661706,0.06952041155661706,0.06952041155661706,1920,Occipital_Mid_R,Pallidum_R
4614,51,76,52,77,-0.08805705558244989,0.08805705558244989,0.08805705558244989,1477,Occipital_Mid_R,Thalamus_L
4615,51,77,52,78,0.005500754069458354,0.005500754069458354,0.005500754069458354,5158,Occipital_Mid_R,Thalamus_R
4616,51,78,52,79,-0.002078648663424216,0.002078648663424216,0.002078648663424216,5419,Occipital_Mid_R,Heschl_L
4617,51,79,52,80,0.03433551303757304,0.03433551303757304,0.03433551303757304,3288,Occipital_Mid_R,Heschl_R
4618,51,80,52,81,0.0779994935819664,0.0779994935819664,0.0779994935819664,1702,Occipital_Mid_R,Temporal_Sup_L
4619,51,81,52,82,0.06722527148244195,0.06722527148244195,0.06722527148244195,1987,Occipital_Mid_R,Temporal_Sup_R
4620,51,82,52,83,0.083266168932996,0.083266168932996,0.083266168932996,1581,Occipital_Mid_R,Temporal_Pole_Sup_L
4621,51,83,52,84,0.08752805406968144,0.08752805406968144,0.08752805406968144,1490,Occipital_Mid_R,Temporal_Pole_Sup_R
4622,51,84,52,85,-0.013946492925015753,0.013946492925015753,0.013946492925015753,4552,Occipital_Mid_R,Temporal_Mid_L
4623,51,85,52,86,0.022019792211790536,0.022019792211790536,0.022019792211790536,4047,Occipital_Mid_R,Temporal_Mid_R
4624,51,86,52,87,0.03582793126751746,0.03582793126751746,0.03582793126751746,3209,Occipital_Mid_R,Temporal_Pole_Mid_L
4625,51,87,52,88,-0.044569592829143155,0.044569592829143155,0.044569592829143155,2803,Occipital_Mid_R,Temporal_Pole_Mid_R
4626,51,88,52,89,-0.06243846356762159,0.06243846356762159,0.06243846356762159,2145,Occipital_Mid_R,Temporal_Inf_L
4627,51,89,52,90,0.028249007754975415,0.028249007754975415,0.028249007754975415,3649,Occipital_Mid_R,Temporal_Inf_R
4628,51,90,52,91,-0.015233483840761777,0.015233483840761777,0.015233483840761777,4464,Occipital_Mid_R,Cerebelum_Crus1_L
4629,51,91,52,92,-0.020515357976377286,0.020515357976377286,0.020515357976377286,4141,Occipital_Mid_R,Cerebelum_Crus1_R
4630,51,92,52,93,-0.05853788530756107,0.05853788530756107,0.05853788530756107,2275,Occipital_Mid_R,Cerebelum_Crus2_L
4631,51,93,52,94,-0.004545304404279752,0.004545304404279752,0.004545304404279752,5230,Occipital_Mid_R,Cerebelum_Crus2_R
4632,51,94,52,95,0.023285250467854717,0.023285250467854717,0.023285250467854717,3951,Occipital_Mid_R,Cerebelum_3_L
4633,51,95,52,96,-0.0019374743113354707,0.0019374743113354707,0.0019374743113354707,5431,Occipital_Mid_R,Cerebelum_3_R
4634,51,96,52,97,-0.06982322304144305,0.06982322304144305,0.06982322304144305,1911,Occipital_Mid_R,Cerebelum_4_5_L
4635,51,97,52,98,-0.04421186756089797,0.04421186756089797,0.04421186756089797,2817,Occipital_Mid_R,Cerebelum_4_5_R
4636,51,98,52,99,0.04180343800005066,0.04180343800005066,0.04180343800005066,2926,Occipital_Mid_R,Cerebelum_6_L
4637,51,99,52,100,0.008363751720830209,0.008363751720830209,0.008363751720830209,4962,Occipital_Mid_R,Cerebelum_6_R
4638,51,100,52,101,-0.005118041812377321,0.005118041812377321,0.005118041812377321,5188,Occipital_Mid_R,Cerebelum_7b_L
4639,51,101,52,102,0.010713885063266301,0.010713885063266301,0.010713885063266301,4799,Occipital_Mid_R,Cerebelum_7b_R
4640,51,102,52,103,-0.049057767446296106,0.049057767446296106,0.049057767446296106,2623,Occipital_Mid_R,Cerebelum_8_L
4641,51,103,52,104,-0.0331711334210705,0.0331711334210705,0.0331711334210705,3362,Occipital_Mid_R,Cerebelum_8_R
4642,51,104,52,105,-0.06388234752829577,0.06388234752829577,0.06388234752829577,2099,Occipital_Mid_R,Cerebelum_9_L
4643,51,105,52,106,-0.03111857902566184,0.03111857902566184,0.03111857902566184,3485,Occipital_Mid_R,Cerebelum_9_R
4644,51,106,52,107,-0.05714010696511276,0.05714010696511276,0.05714010696511276,2332,Occipital_Mid_R,Cerebelum_10_L
4645,51,107,52,108,0.010225134502169577,0.010225134502169577,0.010225134502169577,4837,Occipital_Mid_R,Cerebelum_10_R
4646,51,108,52,109,-0.02111005612180618,0.02111005612180618,0.02111005612180618,4103,Occipital_Mid_R,Vermis_1_2
4647,51,109,52,110,-0.03748615874813235,0.03748615874813235,0.03748615874813235,3139,Occipital_Mid_R,Vermis_3
4648,51,110,52,111,-0.015227009717279293,0.015227009717279293,0.015227009717279293,4465,Occipital_Mid_R,Vermis_4_5
4649,51,111,52,112,-0.018600341591682057,0.018600341591682057,0.018600341591682057,4246,Occipital_Mid_R,Vermis_6
4650,51,112,52,113,0.012862678486473636,0.012862678486473636,0.012862678486473636,4640,Occipital_Mid_R,Vermis_7
4651,51,113,52,114,0.004178597374525215,0.004178597374525215,0.004178597374525215,5257,Occipital_Mid_R,Vermis_8
4652,51,114,52,115,-0.020207389779291107,0.020207389779291107,0.020207389779291107,4155,Occipital_Mid_R,Vermis_9
4653,51,115,52,116,-0.05900050748961426,0.05900050748961426,0.05900050748961426,2260,Occipital_Mid_R,Vermis_10
4654,52,53,53,54,0.013731902596064799,0.013731902596064799,0.013731902596064799,4582,Occipital_Inf_L,Occipital_Inf_R
4655,52,54,53,55,0.005418322790317425,0.005418322790317425,0.005418322790317425,5163,Occipital_Inf_L,Fusiform_L
4656,52,55,53,56,0.04878545724017176,0.04878545724017176,0.04878545724017176,2632,Occipital_Inf_L,Fusiform_R
4657,52,56,53,57,0.02731978291757069,0.02731978291757069,0.02731978291757069,3716,Occipital_Inf_L,Postcentral_L
4658,52,57,53,58,-0.009671042425286143,0.009671042425286143,0.009671042425286143,4872,Occipital_Inf_L,Postcentral_R
4659,52,58,53,59,0.0005526516937189611,0.0005526516937189611,0.0005526516937189611,5861,Occipital_Inf_L,Parietal_Sup_L
4660,52,59,53,60,0.0005898431380876124,0.0005898431380876124,0.0005898431380876124,5779,Occipital_Inf_L,Parietal_Sup_R
4661,52,60,53,61,-0.0022451626523614233,0.0022451626523614233,0.0022451626523614233,5404,Occipital_Inf_L,Parietal_Inf_L
4662,52,61,53,62,0.0004987485731431043,0.0004987485731431043,0.0004987485731431043,6095,Occipital_Inf_L,Parietal_Inf_R
4663,52,62,53,63,0.0005154870338974597,0.0005154870338974597,0.0005154870338974597,5988,Occipital_Inf_L,SupraMarginal_L
4664,52,63,53,64,0.08605508706370425,0.08605508706370425,0.08605508706370425,1520,Occipital_Inf_L,SupraMarginal_R
4665,52,64,53,65,0.009617306053146684,0.009617306053146684,0.009617306053146684,4879,Occipital_Inf_L,Angular_L
4666,52,65,53,66,0.000874262473031747,0.000874262473031747,0.000874262473031747,5543,Occipital_Inf_L,Angular_R
4667,52,66,53,67,0.03550040849035049,0.03550040849035049,0.03550040849035049,3222,Occipital_Inf_L,Precuneus_L
4668,52,67,53,68,0.02619207294305464,0.02619207294305464,0.02619207294305464,3784,Occipital_Inf_L,Precuneus_R
4669,52,68,53,69,-0.014152821698234288,0.014152821698234288,0.014152821698234288,4537,Occipital_Inf_L,Paracentral_Lobule_L
4670,52,69,53,70,-0.002201145124910374,0.002201145124910374,0.002201145124910374,5407,Occipital_Inf_L,Paracentral_Lobule_R
4671,52,70,53,71,0.07261429656576297,0.07261429656576297,0.07261429656576297,1837,Occipital_Inf_L,Caudate_L
4672,52,71,53,72,0.0926660393163951,0.0926660393163951,0.0926660393163951,1392,Occipital_Inf_L,Caudate_R
4673,52,72,53,73,0.07822904929253584,0.07822904929253584,0.07822904929253584,1698,Occipital_Inf_L,Putamen_L
4674,52,73,53,74,0.08962609318501656,0.08962609318501656,0.08962609318501656,1445,Occipital_Inf_L,Putamen_R
4675,52,74,53,75,0.04911663055509663,0.04911663055509663,0.04911663055509663,2620,Occipital_Inf_L,Pallidum_L
4676,52,75,53,76,0.05187669468826901,0.05187669468826901,0.05187669468826901,2510,Occipital_Inf_L,Pallidum_R
4677,52,76,53,77,-0.07511504005582417,0.07511504005582417,0.07511504005582417,1780,Occipital_Inf_L,Thalamus_L
4678,52,77,53,78,0.06696938342195506,0.06696938342195506,0.06696938342195506,2001,Occipital_Inf_L,Thalamus_R
4679,52,78,53,79,-0.004954107085776342,0.004954107085776342,0.004954107085776342,5198,Occipital_Inf_L,Heschl_L
4680,52,79,53,80,0.03054201785201557,0.03054201785201557,0.03054201785201557,3528,Occipital_Inf_L,Heschl_R
4681,52,80,53,81,0.11957183337176396,0.11957183337176396,0.11957183337176396,946,Occipital_Inf_L,Temporal_Sup_L
4682,52,81,53,82,0.1407737188738384,0.1407737188738384,0.1407737188738384,721,Occipital_Inf_L,Temporal_Sup_R
4683,52,82,53,83,0.07072797428896167,0.07072797428896167,0.07072797428896167,1887,Occipital_Inf_L,Temporal_Pole_Sup_L
4684,52,83,53,84,0.11285833674426585,0.11285833674426585,0.11285833674426585,1041,Occipital_Inf_L,Temporal_Pole_Sup_R
4685,52,84,53,85,0.06701651461398205,0.06701651461398205,0.06701651461398205,1998,Occipital_Inf_L,Temporal_Mid_L
4686,52,85,53,86,0.08695750308593068,0.08695750308593068,0.08695750308593068,1501,Occipital_Inf_L,Temporal_Mid_R
4687,52,86,53,87,0.006033364960869611,0.006033364960869611,0.006033364960869611,5116,Occipital_Inf_L,Temporal_Pole_Mid_L
4688,52,87,53,88,-0.03401790186894285,0.03401790186894285,0.03401790186894285,3312,Occipital_Inf_L,Temporal_Pole_Mid_R
4689,52,88,53,89,0.020789913034622975,0.020789913034622975,0.020789913034622975,4123,Occipital_Inf_L,Temporal_Inf_L
4690,52,89,53,90,0.11595231432301216,0.11595231432301216,0.11595231432301216,996,Occipital_Inf_L,Temporal_Inf_R
4691,52,90,53,91,0.08310246723800503,0.08310246723800503,0.08310246723800503,1585,Occipital_Inf_L,Cerebelum_Crus1_L
4692,52,91,53,92,0.03763010445972424,0.03763010445972424,0.03763010445972424,3129,Occipital_Inf_L,Cerebelum_Crus1_R
4693,52,92,53,93,0.045980925382916836,0.045980925382916836,0.045980925382916836,2743,Occipital_Inf_L,Cerebelum_Crus2_L
4694,52,93,53,94,0.03493318780028234,0.03493318780028234,0.03493318780028234,3257,Occipital_Inf_L,Cerebelum_Crus2_R
4695,52,94,53,95,0.04119852871782176,0.04119852871782176,0.04119852871782176,2962,Occipital_Inf_L,Cerebelum_3_L
4696,52,95,53,96,0.0540448718823935,0.0540448718823935,0.0540448718823935,2432,Occipital_Inf_L,Cerebelum_3_R
4697,52,96,53,97,0.029905076623662815,0.029905076623662815,0.029905076623662815,3566,Occipital_Inf_L,Cerebelum_4_5_L
4698,52,97,53,98,-0.010443795038293197,0.010443795038293197,0.010443795038293197,4813,Occipital_Inf_L,Cerebelum_4_5_R
4699,52,98,53,99,0.12783763991770794,0.12783763991770794,0.12783763991770794,850,Occipital_Inf_L,Cerebelum_6_L
4700,52,99,53,100,0.10012739873661006,0.10012739873661006,0.10012739873661006,1242,Occipital_Inf_L,Cerebelum_6_R
4701,52,100,53,101,0.11045114933941848,0.11045114933941848,0.11045114933941848,1081,Occipital_Inf_L,Cerebelum_7b_L
4702,52,101,53,102,0.09079805125577503,0.09079805125577503,0.09079805125577503,1425,Occipital_Inf_L,Cerebelum_7b_R
4703,52,102,53,103,0.08880103404275613,0.08880103404275613,0.08880103404275613,1465,Occipital_Inf_L,Cerebelum_8_L
4704,52,103,53,104,0.05327513328380444,0.05327513328380444,0.05327513328380444,2456,Occipital_Inf_L,Cerebelum_8_R
4705,52,104,53,105,0.032009765853303285,0.032009765853303285,0.032009765853303285,3434,Occipital_Inf_L,Cerebelum_9_L
4706,52,105,53,106,0.05601170232054057,0.05601170232054057,0.05601170232054057,2369,Occipital_Inf_L,Cerebelum_9_R
4707,52,106,53,107,0.05024226583613659,0.05024226583613659,0.05024226583613659,2577,Occipital_Inf_L,Cerebelum_10_L
4708,52,107,53,108,0.07393316193966333,0.07393316193966333,0.07393316193966333,1804,Occipital_Inf_L,Cerebelum_10_R
4709,52,108,53,109,-0.01702751519244964,0.01702751519244964,0.01702751519244964,4333,Occipital_Inf_L,Vermis_1_2
4710,52,109,53,110,-0.015262475880844013,0.015262475880844013,0.015262475880844013,4462,Occipital_Inf_L,Vermis_3
4711,52,110,53,111,0.008700200255016203,0.008700200255016203,0.008700200255016203,4937,Occipital_Inf_L,Vermis_4_5
4712,52,111,53,112,0.01939602898010132,0.01939602898010132,0.01939602898010132,4198,Occipital_Inf_L,Vermis_6
4713,52,112,53,113,0.03846182229719693,0.03846182229719693,0.03846182229719693,3099,Occipital_Inf_L,Vermis_7
4714,52,113,53,114,-0.0018624344166509542,0.0018624344166509542,0.0018624344166509542,5435,Occipital_Inf_L,Vermis_8
4715,52,114,53,115,0.0027152557152334655,0.0027152557152334655,0.0027152557152334655,5373,Occipital_Inf_L,Vermis_9
4716,52,115,53,116,-0.028265899503405377,0.028265899503405377,0.028265899503405377,3646,Occipital_Inf_L,Vermis_10
4717,53,54,54,55,-0.007190712751221732,0.007190712751221732,0.007190712751221732,5038,Occipital_Inf_R,Fusiform_L
4718,53,55,54,56,0.039455110424022076,0.039455110424022076,0.039455110424022076,3056,Occipital_Inf_R,Fusiform_R
4719,53,56,54,57,0.012291228733411428,0.012291228733411428,0.012291228733411428,4694,Occipital_Inf_R,Postcentral_L
4720,53,57,54,58,-0.026771171739299507,0.026771171739299507,0.026771171739299507,3742,Occipital_Inf_R,Postcentral_R
4721,53,58,54,59,0.0005195323056636166,0.0005195323056636166,0.0005195323056636166,5960,Occipital_Inf_R,Parietal_Sup_L
4722,53,59,54,60,0.0005682731103618426,0.0005682731103618426,0.0005682731103618426,5808,Occipital_Inf_R,Parietal_Sup_R
4723,53,60,54,61,-0.11108502561214868,0.11108502561214868,0.11108502561214868,1069,Occipital_Inf_R,Parietal_Inf_L
4724,53,61,54,62,0.0004856315904387366,0.0004856315904387366,0.0004856315904387366,6189,Occipital_Inf_R,Parietal_Inf_R
4725,53,62,54,63,0.0004920770830771419,0.0004920770830771419,0.0004920770830771419,6144,Occipital_Inf_R,SupraMarginal_L
4726,53,63,54,64,-0.05483134117074164,0.05483134117074164,0.05483134117074164,2405,Occipital_Inf_R,SupraMarginal_R
4727,53,64,54,65,-0.1032830139650199,0.1032830139650199,0.1032830139650199,1190,Occipital_Inf_R,Angular_L
4728,53,65,54,66,0.0008408569189206405,0.0008408569189206405,0.0008408569189206405,5620,Occipital_Inf_R,Angular_R
4729,53,66,54,67,-0.05077244666147356,0.05077244666147356,0.05077244666147356,2556,Occipital_Inf_R,Precuneus_L
4730,53,67,54,68,-0.07429599204560403,0.07429599204560403,0.07429599204560403,1797,Occipital_Inf_R,Precuneus_R
4731,53,68,54,69,-0.039320309524670576,0.039320309524670576,0.039320309524670576,3064,Occipital_Inf_R,Paracentral_Lobule_L
4732,53,69,54,70,-0.02571079548563932,0.02571079548563932,0.02571079548563932,3806,Occipital_Inf_R,Paracentral_Lobule_R
4733,53,70,54,71,0.03744272676835328,0.03744272676835328,0.03744272676835328,3141,Occipital_Inf_R,Caudate_L
4734,53,71,54,72,0.060631951292316584,0.060631951292316584,0.060631951292316584,2213,Occipital_Inf_R,Caudate_R
4735,53,72,54,73,0.07407925991084617,0.07407925991084617,0.07407925991084617,1799,Occipital_Inf_R,Putamen_L
4736,53,73,54,74,0.09915799904557884,0.09915799904557884,0.09915799904557884,1264,Occipital_Inf_R,Putamen_R
4737,53,74,54,75,-0.014094613289152423,0.014094613289152423,0.014094613289152423,4541,Occipital_Inf_R,Pallidum_L
4738,53,75,54,76,0.03039532857308462,0.03039532857308462,0.03039532857308462,3536,Occipital_Inf_R,Pallidum_R
4739,53,76,54,77,-0.18656053336988426,0.18656053336988426,0.18656053336988426,380,Occipital_Inf_R,Thalamus_L
4740,53,77,54,78,-0.06634519077621984,0.06634519077621984,0.06634519077621984,2026,Occipital_Inf_R,Thalamus_R
4741,53,78,54,79,-0.04494731289324263,0.04494731289324263,0.04494731289324263,2784,Occipital_Inf_R,Heschl_L
4742,53,79,54,80,-0.010311175014412076,0.010311175014412076,0.010311175014412076,4824,Occipital_Inf_R,Heschl_R
4743,53,80,54,81,-0.02113481162083054,0.02113481162083054,0.02113481162083054,4101,Occipital_Inf_R,Temporal_Sup_L
4744,53,81,54,82,0.010050866861700041,0.010050866861700041,0.010050866861700041,4848,Occipital_Inf_R,Temporal_Sup_R
4745,53,82,54,83,0.04208922828342111,0.04208922828342111,0.04208922828342111,2908,Occipital_Inf_R,Temporal_Pole_Sup_L
4746,53,83,54,84,0.05744216832619057,0.05744216832619057,0.05744216832619057,2321,Occipital_Inf_R,Temporal_Pole_Sup_R
4747,53,84,54,85,0.001754498236998566,0.001754498236998566,0.001754498236998566,5446,Occipital_Inf_R,Temporal_Mid_L
4748,53,85,54,86,-0.008621237075491377,0.008621237075491377,0.008621237075491377,4940,Occipital_Inf_R,Temporal_Mid_R
4749,53,86,54,87,-0.06392382553109681,0.06392382553109681,0.06392382553109681,2097,Occipital_Inf_R,Temporal_Pole_Mid_L
4750,53,87,54,88,-0.09946955322959984,0.09946955322959984,0.09946955322959984,1256,Occipital_Inf_R,Temporal_Pole_Mid_R
4751,53,88,54,89,-0.07653899415401719,0.07653899415401719,0.07653899415401719,1745,Occipital_Inf_R,Temporal_Inf_L
4752,53,89,54,90,0.04208794389098782,0.04208794389098782,0.04208794389098782,2909,Occipital_Inf_R,Temporal_Inf_R
4753,53,90,54,91,0.030610893938224183,0.030610893938224183,0.030610893938224183,3521,Occipital_Inf_R,Cerebelum_Crus1_L
4754,53,91,54,92,-0.027209647557989453,0.027209647557989453,0.027209647557989453,3723,Occipital_Inf_R,Cerebelum_Crus1_R
4755,53,92,54,93,-0.04491082861045835,0.04491082861045835,0.04491082861045835,2786,Occipital_Inf_R,Cerebelum_Crus2_L
4756,53,93,54,94,-0.02377799357489971,0.02377799357489971,0.02377799357489971,3920,Occipital_Inf_R,Cerebelum_Crus2_R
4757,53,94,54,95,0.04188161915952556,0.04188161915952556,0.04188161915952556,2922,Occipital_Inf_R,Cerebelum_3_L
4758,53,95,54,96,-0.02460877473412862,0.02460877473412862,0.02460877473412862,3868,Occipital_Inf_R,Cerebelum_3_R
4759,53,96,54,97,-0.030545546635277705,0.030545546635277705,0.030545546635277705,3526,Occipital_Inf_R,Cerebelum_4_5_L
4760,53,97,54,98,-0.08692866988331073,0.08692866988331073,0.08692866988331073,1505,Occipital_Inf_R,Cerebelum_4_5_R
4761,53,98,54,99,0.03422306662977186,0.03422306662977186,0.03422306662977186,3295,Occipital_Inf_R,Cerebelum_6_L
4762,53,99,54,100,0.00806175250423229,0.00806175250423229,0.00806175250423229,4986,Occipital_Inf_R,Cerebelum_6_R
4763,53,100,54,101,0.06074424301940887,0.06074424301940887,0.06074424301940887,2211,Occipital_Inf_R,Cerebelum_7b_L
4764,53,101,54,102,0.0026624330167254826,0.0026624330167254826,0.0026624330167254826,5377,Occipital_Inf_R,Cerebelum_7b_R
4765,53,102,54,103,0.026593849499875487,0.026593849499875487,0.026593849499875487,3752,Occipital_Inf_R,Cerebelum_8_L
4766,53,103,54,104,-0.01651429460620944,0.01651429460620944,0.01651429460620944,4375,Occipital_Inf_R,Cerebelum_8_R
4767,53,104,54,105,-0.037095299541116795,0.037095299541116795,0.037095299541116795,3156,Occipital_Inf_R,Cerebelum_9_L
4768,53,105,54,106,-0.028373015132151753,0.028373015132151753,0.028373015132151753,3638,Occipital_Inf_R,Cerebelum_9_R
4769,53,106,54,107,-0.03003713889378133,0.03003713889378133,0.03003713889378133,3558,Occipital_Inf_R,Cerebelum_10_L
4770,53,107,54,108,0.011215120235211155,0.011215120235211155,0.011215120235211155,4774,Occipital_Inf_R,Cerebelum_10_R
4771,53,108,54,109,-0.02251750469911246,0.02251750469911246,0.02251750469911246,4013,Occipital_Inf_R,Vermis_1_2
4772,53,109,54,110,-0.0531528190092303,0.0531528190092303,0.0531528190092303,2463,Occipital_Inf_R,Vermis_3
4773,53,110,54,111,-0.040160576285406833,0.040160576285406833,0.040160576285406833,3028,Occipital_Inf_R,Vermis_4_5
4774,53,111,54,112,0.009365672996800143,0.009365672996800143,0.009365672996800143,4896,Occipital_Inf_R,Vermis_6
4775,53,112,54,113,0.008390956235744828,0.008390956235744828,0.008390956235744828,4960,Occipital_Inf_R,Vermis_7
4776,53,113,54,114,-0.02511552312952988,0.02511552312952988,0.02511552312952988,3844,Occipital_Inf_R,Vermis_8
4777,53,114,54,115,-0.01687006653737345,0.01687006653737345,0.01687006653737345,4345,Occipital_Inf_R,Vermis_9
4778,53,115,54,116,-0.0167523243517039,0.0167523243517039,0.0167523243517039,4353,Occipital_Inf_R,Vermis_10
4779,54,55,55,56,-0.02823259404546056,0.02823259404546056,0.02823259404546056,3653,Fusiform_L,Fusiform_R
4780,54,56,55,57,-0.05003875051802522,0.05003875051802522,0.05003875051802522,2592,Fusiform_L,Postcentral_L
4781,54,57,55,58,-0.08263427065589941,0.08263427065589941,0.08263427065589941,1598,Fusiform_L,Postcentral_R
4782,54,58,55,59,0.0005188258425771135,0.0005188258425771135,0.0005188258425771135,5966,Fusiform_L,Parietal_Sup_L
4783,54,59,55,60,0.0005638616990389877,0.0005638616990389877,0.0005638616990389877,5827,Fusiform_L,Parietal_Sup_R
4784,54,60,55,61,-0.09763853028988047,0.09763853028988047,0.09763853028988047,1287,Fusiform_L,Parietal_Inf_L
4785,54,61,55,62,0.0004955934118646177,0.0004955934118646177,0.0004955934118646177,6119,Fusiform_L,Parietal_Inf_R
4786,54,62,55,63,0.0004933686733656972,0.0004933686733656972,0.0004933686733656972,6132,Fusiform_L,SupraMarginal_L
4787,54,63,55,64,-0.16252039541606667,0.16252039541606667,0.16252039541606667,514,Fusiform_L,SupraMarginal_R
4788,54,64,55,65,0.1662832933268656,0.1662832933268656,0.1662832933268656,486,Fusiform_L,Angular_L
4789,54,65,55,66,0.0008907076416699688,0.0008907076416699688,0.0008907076416699688,5515,Fusiform_L,Angular_R
4790,54,66,55,67,0.04660041981626924,0.04660041981626924,0.04660041981626924,2728,Fusiform_L,Precuneus_L
4791,54,67,55,68,0.04179288821046719,0.04179288821046719,0.04179288821046719,2927,Fusiform_L,Precuneus_R
4792,54,68,55,69,-0.0879743888995997,0.0879743888995997,0.0879743888995997,1479,Fusiform_L,Paracentral_Lobule_L
4793,54,69,55,70,-0.07704642261492947,0.07704642261492947,0.07704642261492947,1731,Fusiform_L,Paracentral_Lobule_R
4794,54,70,55,71,0.044289396131222486,0.044289396131222486,0.044289396131222486,2813,Fusiform_L,Caudate_L
4795,54,71,55,72,0.048397442757259795,0.048397442757259795,0.048397442757259795,2645,Fusiform_L,Caudate_R
4796,54,72,55,73,-0.05072512654286323,0.05072512654286323,0.05072512654286323,2559,Fusiform_L,Putamen_L
4797,54,73,55,74,-0.04687176588896129,0.04687176588896129,0.04687176588896129,2715,Fusiform_L,Putamen_R
4798,54,74,55,75,0.011155593578341958,0.011155593578341958,0.011155593578341958,4779,Fusiform_L,Pallidum_L
4799,54,75,55,76,0.01841842396206391,0.01841842396206391,0.01841842396206391,4259,Fusiform_L,Pallidum_R
4800,54,76,55,77,-0.07206637385528665,0.07206637385528665,0.07206637385528665,1848,Fusiform_L,Thalamus_L
4801,54,77,55,78,-0.013249738337731616,0.013249738337731616,0.013249738337731616,4615,Fusiform_L,Thalamus_R
4802,54,78,55,79,-0.06953049102619234,0.06953049102619234,0.06953049102619234,1919,Fusiform_L,Heschl_L
4803,54,79,55,80,-0.013299543689500844,0.013299543689500844,0.013299543689500844,4614,Fusiform_L,Heschl_R
4804,54,80,55,81,-0.1465732155473063,0.1465732155473063,0.1465732155473063,655,Fusiform_L,Temporal_Sup_L
4805,54,81,55,82,-0.0665321217183572,0.0665321217183572,0.0665321217183572,2016,Fusiform_L,Temporal_Sup_R
4806,54,82,55,83,0.00169912446704825,0.00169912446704825,0.00169912446704825,5450,Fusiform_L,Temporal_Pole_Sup_L
4807,54,83,55,84,0.05793265975137985,0.05793265975137985,0.05793265975137985,2301,Fusiform_L,Temporal_Pole_Sup_R
4808,54,84,55,85,0.05702307388928219,0.05702307388928219,0.05702307388928219,2337,Fusiform_L,Temporal_Mid_L
4809,54,85,55,86,0.06154791115682984,0.06154791115682984,0.06154791115682984,2180,Fusiform_L,Temporal_Mid_R
4810,54,86,55,87,0.14162290743029096,0.14162290743029096,0.14162290743029096,711,Fusiform_L,Temporal_Pole_Mid_L
4811,54,87,55,88,0.03988776899488933,0.03988776899488933,0.03988776899488933,3037,Fusiform_L,Temporal_Pole_Mid_R
4812,54,88,55,89,0.05808038050455558,0.05808038050455558,0.05808038050455558,2294,Fusiform_L,Temporal_Inf_L
4813,54,89,55,90,0.06339586584537477,0.06339586584537477,0.06339586584537477,2120,Fusiform_L,Temporal_Inf_R
4814,54,90,55,91,0.0777569775383441,0.0777569775383441,0.0777569775383441,1712,Fusiform_L,Cerebelum_Crus1_L
4815,54,91,55,92,0.09211115200237859,0.09211115200237859,0.09211115200237859,1401,Fusiform_L,Cerebelum_Crus1_R
4816,54,92,55,93,0.02285060107833341,0.02285060107833341,0.02285060107833341,3991,Fusiform_L,Cerebelum_Crus2_L
4817,54,93,55,94,0.0872854213734932,0.0872854213734932,0.0872854213734932,1495,Fusiform_L,Cerebelum_Crus2_R
4818,54,94,55,95,0.038951230664691826,0.038951230664691826,0.038951230664691826,3080,Fusiform_L,Cerebelum_3_L
4819,54,95,55,96,0.021848816224832555,0.021848816224832555,0.021848816224832555,4059,Fusiform_L,Cerebelum_3_R
4820,54,96,55,97,-0.05107380023706918,0.05107380023706918,0.05107380023706918,2544,Fusiform_L,Cerebelum_4_5_L
4821,54,97,55,98,-0.04572239894945701,0.04572239894945701,0.04572239894945701,2759,Fusiform_L,Cerebelum_4_5_R
4822,54,98,55,99,0.02977006414735326,0.02977006414735326,0.02977006414735326,3575,Fusiform_L,Cerebelum_6_L
4823,54,99,55,100,0.026418290399122905,0.026418290399122905,0.026418290399122905,3767,Fusiform_L,Cerebelum_6_R
4824,54,100,55,101,-0.02158028478262452,0.02158028478262452,0.02158028478262452,4081,Fusiform_L,Cerebelum_7b_L
4825,54,101,55,102,-0.02820191919454024,0.02820191919454024,0.02820191919454024,3657,Fusiform_L,Cerebelum_7b_R
4826,54,102,55,103,-0.10637464805929053,0.10637464805929053,0.10637464805929053,1138,Fusiform_L,Cerebelum_8_L
4827,54,103,55,104,-0.08331295665157318,0.08331295665157318,0.08331295665157318,1580,Fusiform_L,Cerebelum_8_R
4828,54,104,55,105,-0.03750216416697005,0.03750216416697005,0.03750216416697005,3136,Fusiform_L,Cerebelum_9_L
4829,54,105,55,106,-0.00016650446771745322,0.00016650446771745322,0.00016650446771745322,6658,Fusiform_L,Cerebelum_9_R
4830,54,106,55,107,0.05146022121754464,0.05146022121754464,0.05146022121754464,2527,Fusiform_L,Cerebelum_10_L
4831,54,107,55,108,0.04697637099540518,0.04697637099540518,0.04697637099540518,2707,Fusiform_L,Cerebelum_10_R
4832,54,108,55,109,0.000460488358791144,0.000460488358791144,0.000460488358791144,6449,Fusiform_L,Vermis_1_2
4833,54,109,55,110,-0.019066251001492063,0.019066251001492063,0.019066251001492063,4221,Fusiform_L,Vermis_3
4834,54,110,55,111,-0.0015781459246953875,0.0015781459246953875,0.0015781459246953875,5461,Fusiform_L,Vermis_4_5
4835,54,111,55,112,0.010211952441692155,0.010211952441692155,0.010211952441692155,4838,Fusiform_L,Vermis_6
4836,54,112,55,113,0.01016614684914604,0.01016614684914604,0.01016614684914604,4844,Fusiform_L,Vermis_7
4837,54,113,55,114,0.004810146147946972,0.004810146147946972,0.004810146147946972,5212,Fusiform_L,Vermis_8
4838,54,114,55,115,0.01321093893971779,0.01321093893971779,0.01321093893971779,4620,Fusiform_L,Vermis_9
4839,54,115,55,116,-0.01656651921998851,0.01656651921998851,0.01656651921998851,4369,Fusiform_L,Vermis_10
4840,55,56,56,57,-0.01879636603028736,0.01879636603028736,0.01879636603028736,4237,Fusiform_R,Postcentral_L
4841,55,57,56,58,-0.07225223283123879,0.07225223283123879,0.07225223283123879,1843,Fusiform_R,Postcentral_R
4842,55,58,56,59,0.000515283802567936,0.000515283802567936,0.000515283802567936,5991,Fusiform_R,Parietal_Sup_L
4843,55,59,56,60,0.0005602034499002551,0.0005602034499002551,0.0005602034499002551,5835,Fusiform_R,Parietal_Sup_R
4844,55,60,56,61,0.013475759681924706,0.013475759681924706,0.013475759681924706,4597,Fusiform_R,Parietal_Inf_L
4845,55,61,56,62,0.0004952896173075766,0.0004952896173075766,0.0004952896173075766,6122,Fusiform_R,Parietal_Inf_R
4846,55,62,56,63,0.0005068107214342616,0.0005068107214342616,0.0005068107214342616,6050,Fusiform_R,SupraMarginal_L
4847,55,63,56,64,-0.12370440604292042,0.12370440604292042,0.12370440604292042,892,Fusiform_R,SupraMarginal_R
4848,55,64,56,65,0.09642825770953667,0.09642825770953667,0.09642825770953667,1308,Fusiform_R,Angular_L
4849,55,65,56,66,0.0008774861781932414,0.0008774861781932414,0.0008774861781932414,5537,Fusiform_R,Angular_R
4850,55,66,56,67,-0.014055030819381902,0.014055030819381902,0.014055030819381902,4543,Fusiform_R,Precuneus_L
4851,55,67,56,68,-0.023134669308663577,0.023134669308663577,0.023134669308663577,3966,Fusiform_R,Precuneus_R
4852,55,68,56,69,-0.09117417749528132,0.09117417749528132,0.09117417749528132,1421,Fusiform_R,Paracentral_Lobule_L
4853,55,69,56,70,-0.06344642021921924,0.06344642021921924,0.06344642021921924,2117,Fusiform_R,Paracentral_Lobule_R
4854,55,70,56,71,0.04979293577597181,0.04979293577597181,0.04979293577597181,2603,Fusiform_R,Caudate_L
4855,55,71,56,72,0.09048951217507056,0.09048951217507056,0.09048951217507056,1430,Fusiform_R,Caudate_R
4856,55,72,56,73,0.05944904282738011,0.05944904282738011,0.05944904282738011,2245,Fusiform_R,Putamen_L
4857,55,73,56,74,0.05217850863417869,0.05217850863417869,0.05217850863417869,2500,Fusiform_R,Putamen_R
4858,55,74,56,75,0.03508080849161071,0.03508080849161071,0.03508080849161071,3247,Fusiform_R,Pallidum_L
4859,55,75,56,76,0.10035644931154211,0.10035644931154211,0.10035644931154211,1239,Fusiform_R,Pallidum_R
4860,55,76,56,77,-0.07739111789067907,0.07739111789067907,0.07739111789067907,1720,Fusiform_R,Thalamus_L
4861,55,77,56,78,0.009234062761612531,0.009234062761612531,0.009234062761612531,4907,Fusiform_R,Thalamus_R
4862,55,78,56,79,-0.06338760293017513,0.06338760293017513,0.06338760293017513,2121,Fusiform_R,Heschl_L
4863,55,79,56,80,-0.0002797208142157401,0.0002797208142157401,0.0002797208142157401,6648,Fusiform_R,Heschl_R
4864,55,80,56,81,-0.10137485102695426,0.10137485102695426,0.10137485102695426,1221,Fusiform_R,Temporal_Sup_L
4865,55,81,56,82,-0.058372377054083296,0.058372377054083296,0.058372377054083296,2281,Fusiform_R,Temporal_Sup_R
4866,55,82,56,83,-0.02326776650659988,0.02326776650659988,0.02326776650659988,3953,Fusiform_R,Temporal_Pole_Sup_L
4867,55,83,56,84,0.00466401202291837,0.00466401202291837,0.00466401202291837,5221,Fusiform_R,Temporal_Pole_Sup_R
4868,55,84,56,85,0.04927015554213061,0.04927015554213061,0.04927015554213061,2614,Fusiform_R,Temporal_Mid_L
4869,55,85,56,86,0.034056664120714154,0.034056664120714154,0.034056664120714154,3309,Fusiform_R,Temporal_Mid_R
4870,55,86,56,87,0.04185882134073155,0.04185882134073155,0.04185882134073155,2924,Fusiform_R,Temporal_Pole_Mid_L
4871,55,87,56,88,-0.02558403771091894,0.02558403771091894,0.02558403771091894,3814,Fusiform_R,Temporal_Pole_Mid_R
4872,55,88,56,89,0.03602391717773744,0.03602391717773744,0.03602391717773744,3204,Fusiform_R,Temporal_Inf_L
4873,55,89,56,90,0.07647687576915446,0.07647687576915446,0.07647687576915446,1746,Fusiform_R,Temporal_Inf_R
4874,55,90,56,91,0.046636254938684917,0.046636254938684917,0.046636254938684917,2725,Fusiform_R,Cerebelum_Crus1_L
4875,55,91,56,92,0.1133829254805149,0.1133829254805149,0.1133829254805149,1030,Fusiform_R,Cerebelum_Crus1_R
4876,55,92,56,93,-0.04458691835544736,0.04458691835544736,0.04458691835544736,2802,Fusiform_R,Cerebelum_Crus2_L
4877,55,93,56,94,0.11317154131889728,0.11317154131889728,0.11317154131889728,1036,Fusiform_R,Cerebelum_Crus2_R
4878,55,94,56,95,0.026954946444240208,0.026954946444240208,0.026954946444240208,3733,Fusiform_R,Cerebelum_3_L
4879,55,95,56,96,-0.0079950801747297,0.0079950801747297,0.0079950801747297,4991,Fusiform_R,Cerebelum_3_R
4880,55,96,56,97,-0.052640499899208056,0.052640499899208056,0.052640499899208056,2478,Fusiform_R,Cerebelum_4_5_L
4881,55,97,56,98,-0.049315175221113755,0.049315175221113755,0.049315175221113755,2612,Fusiform_R,Cerebelum_4_5_R
4882,55,98,56,99,0.02957019232301304,0.02957019232301304,0.02957019232301304,3586,Fusiform_R,Cerebelum_6_L
4883,55,99,56,100,0.061748818024177844,0.061748818024177844,0.061748818024177844,2167,Fusiform_R,Cerebelum_6_R
4884,55,100,56,101,-0.029581667653175592,0.029581667653175592,0.029581667653175592,3584,Fusiform_R,Cerebelum_7b_L
4885,55,101,56,102,0.0040252066983935296,0.0040252066983935296,0.0040252066983935296,5271,Fusiform_R,Cerebelum_7b_R
4886,55,102,56,103,-0.08890966348701433,0.08890966348701433,0.08890966348701433,1464,Fusiform_R,Cerebelum_8_L
4887,55,103,56,104,-0.07278188201440648,0.07278188201440648,0.07278188201440648,1830,Fusiform_R,Cerebelum_8_R
4888,55,104,56,105,-0.059813364131410446,0.059813364131410446,0.059813364131410446,2235,Fusiform_R,Cerebelum_9_L
4889,55,105,56,106,-0.006771660081699188,0.006771660081699188,0.006771660081699188,5064,Fusiform_R,Cerebelum_9_R
4890,55,106,56,107,-0.06835305514446886,0.06835305514446886,0.06835305514446886,1949,Fusiform_R,Cerebelum_10_L
4891,55,107,56,108,0.023209071954091467,0.023209071954091467,0.023209071954091467,3959,Fusiform_R,Cerebelum_10_R
4892,55,108,56,109,-0.03258712952507552,0.03258712952507552,0.03258712952507552,3398,Fusiform_R,Vermis_1_2
4893,55,109,56,110,-0.03197330166357854,0.03197330166357854,0.03197330166357854,3436,Fusiform_R,Vermis_3
4894,55,110,56,111,-0.0012426299826816894,0.0012426299826816894,0.0012426299826816894,5488,Fusiform_R,Vermis_4_5
4895,55,111,56,112,0.012313934210448787,0.012313934210448787,0.012313934210448787,4691,Fusiform_R,Vermis_6
4896,55,112,56,113,0.03267713487762798,0.03267713487762798,0.03267713487762798,3392,Fusiform_R,Vermis_7
4897,55,113,56,114,-0.00825993426577453,0.00825993426577453,0.00825993426577453,4970,Fusiform_R,Vermis_8
4898,55,114,56,115,0.00420420538555601,0.00420420538555601,0.00420420538555601,5254,Fusiform_R,Vermis_9
4899,55,115,56,116,-0.032287799404406,0.032287799404406,0.032287799404406,3415,Fusiform_R,Vermis_10
4900,56,57,57,58,0.01810111571548011,0.01810111571548011,0.01810111571548011,4274,Postcentral_L,Postcentral_R
4901,56,58,57,59,0.0004952698977972309,0.0004952698977972309,0.0004952698977972309,6123,Postcentral_L,Parietal_Sup_L
4902,56,59,57,60,0.0005337864739876686,0.0005337864739876686,0.0005337864739876686,5907,Postcentral_L,Parietal_Sup_R
4903,56,60,57,61,-0.03632854074813935,0.03632854074813935,0.03632854074813935,3186,Postcentral_L,Parietal_Inf_L
4904,56,61,57,62,0.0004661843800014157,0.0004661843800014157,0.0004661843800014157,6395,Postcentral_L,Parietal_Inf_R
4905,56,62,57,63,0.0005251894950047889,0.0005251894950047889,0.0005251894950047889,5945,Postcentral_L,SupraMarginal_L
4906,56,63,57,64,-0.11485893234506563,0.11485893234506563,0.11485893234506563,1010,Postcentral_L,SupraMarginal_R
4907,56,64,57,65,0.17364030065380093,0.17364030065380093,0.17364030065380093,449,Postcentral_L,Angular_L
4908,56,65,57,66,0.0008703184852257757,0.0008703184852257757,0.0008703184852257757,5559,Postcentral_L,Angular_R
4909,56,66,57,67,0.00586506435182836,0.00586506435182836,0.00586506435182836,5126,Postcentral_L,Precuneus_L
4910,56,67,57,68,-0.002568632155733526,0.002568632155733526,0.002568632155733526,5386,Postcentral_L,Precuneus_R
4911,56,68,57,69,-0.024014968659554593,0.024014968659554593,0.024014968659554593,3905,Postcentral_L,Paracentral_Lobule_L
4912,56,69,57,70,-0.0346256320649885,0.0346256320649885,0.0346256320649885,3276,Postcentral_L,Paracentral_Lobule_R
4913,56,70,57,71,-0.06467268642773491,0.06467268642773491,0.06467268642773491,2069,Postcentral_L,Caudate_L
4914,56,71,57,72,0.044077000937702886,0.044077000937702886,0.044077000937702886,2827,Postcentral_L,Caudate_R
4915,56,72,57,73,-0.11504865558753959,0.11504865558753959,0.11504865558753959,1007,Postcentral_L,Putamen_L
4916,56,73,57,74,-0.058404949437384855,0.058404949437384855,0.058404949437384855,2278,Postcentral_L,Putamen_R
4917,56,74,57,75,-0.11007343297888586,0.11007343297888586,0.11007343297888586,1087,Postcentral_L,Pallidum_L
4918,56,75,57,76,0.00047366565569598157,0.00047366565569598157,0.00047366565569598157,6320,Postcentral_L,Pallidum_R
4919,56,76,57,77,0.022509489533246364,0.022509489533246364,0.022509489533246364,4015,Postcentral_L,Thalamus_L
4920,56,77,57,78,0.06113088165572715,0.06113088165572715,0.06113088165572715,2194,Postcentral_L,Thalamus_R
4921,56,78,57,79,0.007360630840407008,0.007360630840407008,0.007360630840407008,5028,Postcentral_L,Heschl_L
4922,56,79,57,80,0.04803084165029579,0.04803084165029579,0.04803084165029579,2659,Postcentral_L,Heschl_R
4923,56,80,57,81,0.07777340750504637,0.07777340750504637,0.07777340750504637,1711,Postcentral_L,Temporal_Sup_L
4924,56,81,57,82,0.10371374800154325,0.10371374800154325,0.10371374800154325,1176,Postcentral_L,Temporal_Sup_R
4925,56,82,57,83,-0.05893391306863186,0.05893391306863186,0.05893391306863186,2263,Postcentral_L,Temporal_Pole_Sup_L
4926,56,83,57,84,0.11069804783985872,0.11069804783985872,0.11069804783985872,1073,Postcentral_L,Temporal_Pole_Sup_R
4927,56,84,57,85,0.15457405994969237,0.15457405994969237,0.15457405994969237,574,Postcentral_L,Temporal_Mid_L
4928,56,85,57,86,0.050373191066711405,0.050373191066711405,0.050373191066711405,2572,Postcentral_L,Temporal_Mid_R
4929,56,86,57,87,0.050626035208636504,0.050626035208636504,0.050626035208636504,2565,Postcentral_L,Temporal_Pole_Mid_L
4930,56,87,57,88,0.03023379892456996,0.03023379892456996,0.03023379892456996,3548,Postcentral_L,Temporal_Pole_Mid_R
4931,56,88,57,89,0.02769265381219134,0.02769265381219134,0.02769265381219134,3690,Postcentral_L,Temporal_Inf_L
4932,56,89,57,90,-0.0037108664475064513,0.0037108664475064513,0.0037108664475064513,5299,Postcentral_L,Temporal_Inf_R
4933,56,90,57,91,-0.02648652542597209,0.02648652542597209,0.02648652542597209,3761,Postcentral_L,Cerebelum_Crus1_L
4934,56,91,57,92,0.04506121789566012,0.04506121789566012,0.04506121789566012,2781,Postcentral_L,Cerebelum_Crus1_R
4935,56,92,57,93,-0.06287090486885336,0.06287090486885336,0.06287090486885336,2129,Postcentral_L,Cerebelum_Crus2_L
4936,56,93,57,94,0.08978167266934099,0.08978167266934099,0.08978167266934099,1440,Postcentral_L,Cerebelum_Crus2_R
4937,56,94,57,95,0.004019210929437111,0.004019210929437111,0.004019210929437111,5272,Postcentral_L,Cerebelum_3_L
4938,56,95,57,96,-0.027861626980204144,0.027861626980204144,0.027861626980204144,3679,Postcentral_L,Cerebelum_3_R
4939,56,96,57,97,-0.012707126103785304,0.012707126103785304,0.012707126103785304,4655,Postcentral_L,Cerebelum_4_5_L
4940,56,97,57,98,0.04693223166602881,0.04693223166602881,0.04693223166602881,2711,Postcentral_L,Cerebelum_4_5_R
4941,56,98,57,99,-0.05119731294611345,0.05119731294611345,0.05119731294611345,2538,Postcentral_L,Cerebelum_6_L
4942,56,99,57,100,-0.05370673354497517,0.05370673354497517,0.05370673354497517,2440,Postcentral_L,Cerebelum_6_R
4943,56,100,57,101,-0.08584150173885927,0.08584150173885927,0.08584150173885927,1524,Postcentral_L,Cerebelum_7b_L
4944,56,101,57,102,-0.10579482563338331,0.10579482563338331,0.10579482563338331,1148,Postcentral_L,Cerebelum_7b_R
4945,56,102,57,103,-0.12408904874723523,0.12408904874723523,0.12408904874723523,887,Postcentral_L,Cerebelum_8_L
4946,56,103,57,104,0.014695178620827363,0.014695178620827363,0.014695178620827363,4496,Postcentral_L,Cerebelum_8_R
4947,56,104,57,105,-0.008123668801903135,0.008123668801903135,0.008123668801903135,4983,Postcentral_L,Cerebelum_9_L
4948,56,105,57,106,0.015958748858411215,0.015958748858411215,0.015958748858411215,4417,Postcentral_L,Cerebelum_9_R
4949,56,106,57,107,-0.002425522677363717,0.002425522677363717,0.002425522677363717,5391,Postcentral_L,Cerebelum_10_L
4950,56,107,57,108,-0.059653559214294924,0.059653559214294924,0.059653559214294924,2238,Postcentral_L,Cerebelum_10_R
4951,56,108,57,109,0.0011294602242324188,0.0011294602242324188,0.0011294602242324188,5495,Postcentral_L,Vermis_1_2
4952,56,109,57,110,0.008524613660554506,0.008524613660554506,0.008524613660554506,4948,Postcentral_L,Vermis_3
4953,56,110,57,111,0.003427298394732337,0.003427298394732337,0.003427298394732337,5321,Postcentral_L,Vermis_4_5
4954,56,111,57,112,0.03474947801431913,0.03474947801431913,0.03474947801431913,3269,Postcentral_L,Vermis_6
4955,56,112,57,113,0.016416713725002714,0.016416713725002714,0.016416713725002714,4380,Postcentral_L,Vermis_7
4956,56,113,57,114,0.018560531228886807,0.018560531228886807,0.018560531228886807,4249,Postcentral_L,Vermis_8
4957,56,114,57,115,0.01459889981061568,0.01459889981061568,0.01459889981061568,4503,Postcentral_L,Vermis_9
4958,56,115,57,116,-0.03275341831384581,0.03275341831384581,0.03275341831384581,3387,Postcentral_L,Vermis_10
4959,57,58,58,59,0.0004921524123822782,0.0004921524123822782,0.0004921524123822782,6142,Postcentral_R,Parietal_Sup_L
4960,57,59,58,60,0.0005127481907366799,0.0005127481907366799,0.0005127481907366799,6003,Postcentral_R,Parietal_Sup_R
4961,57,60,58,61,-0.034312097284425115,0.034312097284425115,0.034312097284425115,3289,Postcentral_R,Parietal_Inf_L
4962,57,61,58,62,0.0004604309534322021,0.0004604309534322021,0.0004604309534322021,6450,Postcentral_R,Parietal_Inf_R
4963,57,62,58,63,0.0005176140517718991,0.0005176140517718991,0.0005176140517718991,5976,Postcentral_R,SupraMarginal_L
4964,57,63,58,64,-0.21776815037732472,0.21776815037732472,0.21776815037732472,251,Postcentral_R,SupraMarginal_R
4965,57,64,58,65,0.21603042376588202,0.21603042376588202,0.21603042376588202,253,Postcentral_R,Angular_L
4966,57,65,58,66,0.0008677647612659052,0.0008677647612659052,0.0008677647612659052,5573,Postcentral_R,Angular_R
4967,57,66,58,67,-0.013998043117307207,0.013998043117307207,0.013998043117307207,4548,Postcentral_R,Precuneus_L
4968,57,67,58,68,-0.043951027243452505,0.043951027243452505,0.043951027243452505,2830,Postcentral_R,Precuneus_R
4969,57,68,58,69,-0.023480259283738612,0.023480259283738612,0.023480259283738612,3940,Postcentral_R,Paracentral_Lobule_L
4970,57,69,58,70,-0.04690763142716694,0.04690763142716694,0.04690763142716694,2712,Postcentral_R,Paracentral_Lobule_R
4971,57,70,58,71,-0.12951764827054904,0.12951764827054904,0.12951764827054904,829,Postcentral_R,Caudate_L
4972,57,71,58,72,-0.0323001521972386,0.0323001521972386,0.0323001521972386,3413,Postcentral_R,Caudate_R
4973,57,72,58,73,-0.10323234799774353,0.10323234799774353,0.10323234799774353,1191,Postcentral_R,Putamen_L
4974,57,73,58,74,-0.0724199028102492,0.0724199028102492,0.0724199028102492,1842,Postcentral_R,Putamen_R
4975,57,74,58,75,-0.08967709999665746,0.08967709999665746,0.08967709999665746,1443,Postcentral_R,Pallidum_L
4976,57,75,58,76,-0.017123330500960238,0.017123330500960238,0.017123330500960238,4327,Postcentral_R,Pallidum_R
4977,57,76,58,77,0.023057762033097267,0.023057762033097267,0.023057762033097267,3970,Postcentral_R,Thalamus_L
4978,57,77,58,78,0.05340606452265878,0.05340606452265878,0.05340606452265878,2450,Postcentral_R,Thalamus_R
4979,57,78,58,79,-0.001695226990544751,0.001695226990544751,0.001695226990544751,5451,Postcentral_R,Heschl_L
4980,57,79,58,80,0.01476890636176613,0.01476890636176613,0.01476890636176613,4492,Postcentral_R,Heschl_R
4981,57,80,58,81,-0.048659285407899176,0.048659285407899176,0.048659285407899176,2638,Postcentral_R,Temporal_Sup_L
4982,57,81,58,82,-0.020968365440288624,0.020968365440288624,0.020968365440288624,4114,Postcentral_R,Temporal_Sup_R
4983,57,82,58,83,-0.07965879284520332,0.07965879284520332,0.07965879284520332,1663,Postcentral_R,Temporal_Pole_Sup_L
4984,57,83,58,84,0.09987543114096854,0.09987543114096854,0.09987543114096854,1248,Postcentral_R,Temporal_Pole_Sup_R
4985,57,84,58,85,0.13228494791846981,0.13228494791846981,0.13228494791846981,798,Postcentral_R,Temporal_Mid_L
4986,57,85,58,86,-0.02823628984147516,0.02823628984147516,0.02823628984147516,3652,Postcentral_R,Temporal_Mid_R
4987,57,86,58,87,0.07543922115224734,0.07543922115224734,0.07543922115224734,1774,Postcentral_R,Temporal_Pole_Mid_L
4988,57,87,58,88,0.052327659390358425,0.052327659390358425,0.052327659390358425,2494,Postcentral_R,Temporal_Pole_Mid_R
4989,57,88,58,89,0.01030210211820519,0.01030210211820519,0.01030210211820519,4825,Postcentral_R,Temporal_Inf_L
4990,57,89,58,90,-0.023389407967764834,0.023389407967764834,0.023389407967764834,3944,Postcentral_R,Temporal_Inf_R
4991,57,90,58,91,-0.10947092787895345,0.10947092787895345,0.10947092787895345,1092,Postcentral_R,Cerebelum_Crus1_L
4992,57,91,58,92,0.04357170065780043,0.04357170065780043,0.04357170065780043,2851,Postcentral_R,Cerebelum_Crus1_R
4993,57,92,58,93,-0.12246403011777285,0.12246403011777285,0.12246403011777285,905,Postcentral_R,Cerebelum_Crus2_L
4994,57,93,58,94,0.13171188788246457,0.13171188788246457,0.13171188788246457,802,Postcentral_R,Cerebelum_Crus2_R
4995,57,94,58,95,0.019824729016428934,0.019824729016428934,0.019824729016428934,4174,Postcentral_R,Cerebelum_3_L
4996,57,95,58,96,0.02754252223639336,0.02754252223639336,0.02754252223639336,3698,Postcentral_R,Cerebelum_3_R
4997,57,96,58,97,0.02821394214810757,0.02821394214810757,0.02821394214810757,3656,Postcentral_R,Cerebelum_4_5_L
4998,57,97,58,98,0.06712007755750166,0.06712007755750166,0.06712007755750166,1994,Postcentral_R,Cerebelum_4_5_R
4999,57,98,58,99,-0.1393532310945426,0.1393532310945426,0.1393532310945426,737,Postcentral_R,Cerebelum_6_L
5000,57,99,58,100,-0.056392522054303874,0.056392522054303874,0.056392522054303874,2355,Postcentral_R,Cerebelum_6_R
5001,57,100,58,101,-0.09880340917377975,0.09880340917377975,0.09880340917377975,1269,Postcentral_R,Cerebelum_7b_L
5002,57,101,58,102,-0.017373866072659984,0.017373866072659984,0.017373866072659984,4315,Postcentral_R,Cerebelum_7b_R
5003,57,102,58,103,-0.17310623595266664,0.17310623595266664,0.17310623595266664,451,Postcentral_R,Cerebelum_8_L
5004,57,103,58,104,-0.023915360824649658,0.023915360824649658,0.023915360824649658,3911,Postcentral_R,Cerebelum_8_R
5005,57,104,58,105,-0.05725142212382248,0.05725142212382248,0.05725142212382248,2326,Postcentral_R,Cerebelum_9_L
5006,57,105,58,106,0.04865212795695122,0.04865212795695122,0.04865212795695122,2639,Postcentral_R,Cerebelum_9_R
5007,57,106,58,107,-0.047487023762822336,0.047487023762822336,0.047487023762822336,2681,Postcentral_R,Cerebelum_10_L
5008,57,107,58,108,-0.04741198993879488,0.04741198993879488,0.04741198993879488,2685,Postcentral_R,Cerebelum_10_R
5009,57,108,58,109,-0.006189392407195319,0.006189392407195319,0.006189392407195319,5107,Postcentral_R,Vermis_1_2
5010,57,109,58,110,-0.011038056051337194,0.011038056051337194,0.011038056051337194,4785,Postcentral_R,Vermis_3
5011,57,110,58,111,-0.0030305843244842327,0.0030305843244842327,0.0030305843244842327,5353,Postcentral_R,Vermis_4_5
5012,57,111,58,112,0.03839272805616657,0.03839272805616657,0.03839272805616657,3102,Postcentral_R,Vermis_6
5013,57,112,58,113,0.022234240213838966,0.022234240213838966,0.022234240213838966,4035,Postcentral_R,Vermis_7
5014,57,113,58,114,0.006885954931543256,0.006885954931543256,0.006885954931543256,5054,Postcentral_R,Vermis_8
5015,57,114,58,115,-0.006777670691379576,0.006777670691379576,0.006777670691379576,5063,Postcentral_R,Vermis_9
5016,57,115,58,116,-0.04575657452214694,0.04575657452214694,0.04575657452214694,2755,Postcentral_R,Vermis_10
5017,58,59,59,60,0.0007472939081466908,0.0007472939081466908,0.0007472939081466908,5640,Parietal_Sup_L,Parietal_Sup_R
5018,58,60,59,61,0.0005937484444410463,0.0005937484444410463,0.0005937484444410463,5775,Parietal_Sup_L,Parietal_Inf_L
5019,58,61,59,62,0.0007465230698652503,0.0007465230698652503,0.0007465230698652503,5641,Parietal_Sup_L,Parietal_Inf_R
5020,58,62,59,63,0.0007008101704116316,0.0007008101704116316,0.0007008101704116316,5650,Parietal_Sup_L,SupraMarginal_L
5021,58,63,59,64,0.000491088994500247,0.000491088994500247,0.000491088994500247,6148,Parietal_Sup_L,SupraMarginal_R
5022,58,64,59,65,0.0005482199752649654,0.0005482199752649654,0.0005482199752649654,5871,Parietal_Sup_L,Angular_L
5023,58,65,59,66,0.001024605988016084,0.001024605988016084,0.001024605988016084,5500,Parietal_Sup_L,Angular_R
5024,58,66,59,67,0.0005104169491920361,0.0005104169491920361,0.0005104169491920361,6018,Parietal_Sup_L,Precuneus_L
5025,58,67,59,68,0.0004977242955348593,0.0004977242955348593,0.0004977242955348593,6103,Parietal_Sup_L,Precuneus_R
5026,58,68,59,69,0.0004928119733991235,0.0004928119733991235,0.0004928119733991235,6135,Parietal_Sup_L,Paracentral_Lobule_L
5027,58,69,59,70,0.0004848428191063989,0.0004848428191063989,0.0004848428191063989,6194,Parietal_Sup_L,Paracentral_Lobule_R
5028,58,70,59,71,0.0005045116073371975,0.0005045116073371975,0.0005045116073371975,6064,Parietal_Sup_L,Caudate_L
5029,58,71,59,72,0.0005179766382179074,0.0005179766382179074,0.0005179766382179074,5973,Parietal_Sup_L,Caudate_R
5030,58,72,59,73,0.0005101002022772887,0.0005101002022772887,0.0005101002022772887,6023,Parietal_Sup_L,Putamen_L
5031,58,73,59,74,0.0005054616604180194,0.0005054616604180194,0.0005054616604180194,6056,Parietal_Sup_L,Putamen_R
5032,58,74,59,75,0.0004959196158207022,0.0004959196158207022,0.0004959196158207022,6115,Parietal_Sup_L,Pallidum_L
5033,58,75,59,76,0.0005212518814235476,0.0005212518814235476,0.0005212518814235476,5952,Parietal_Sup_L,Pallidum_R
5034,58,76,59,77,0.0005129366289623641,0.0005129366289623641,0.0005129366289623641,6002,Parietal_Sup_L,Thalamus_L
5035,58,77,59,78,0.0005170776043626968,0.0005170776043626968,0.0005170776043626968,5980,Parietal_Sup_L,Thalamus_R
5036,58,78,59,79,0.0005085582916606503,0.0005085582916606503,0.0005085582916606503,6032,Parietal_Sup_L,Heschl_L
5037,58,79,59,80,0.0005311617416838494,0.0005311617416838494,0.0005311617416838494,5919,Parietal_Sup_L,Heschl_R
5038,58,80,59,81,0.0005227506411925239,0.0005227506411925239,0.0005227506411925239,5949,Parietal_Sup_L,Temporal_Sup_L
5039,58,81,59,82,0.0005304427228382421,0.0005304427228382421,0.0005304427228382421,5922,Parietal_Sup_L,Temporal_Sup_R
5040,58,82,59,83,0.0005296555579087378,0.0005296555579087378,0.0005296555579087378,5925,Parietal_Sup_L,Temporal_Pole_Sup_L
5041,58,83,59,84,0.0005387269649650017,0.0005387269649650017,0.0005387269649650017,5895,Parietal_Sup_L,Temporal_Pole_Sup_R
5042,58,84,59,85,0.0005529768366744977,0.0005529768366744977,0.0005529768366744977,5859,Parietal_Sup_L,Temporal_Mid_L
5043,58,85,59,86,0.0005281129823972454,0.0005281129823972454,0.0005281129823972454,5931,Parietal_Sup_L,Temporal_Mid_R
5044,58,86,59,87,0.0005441297177909594,0.0005441297177909594,0.0005441297177909594,5885,Parietal_Sup_L,Temporal_Pole_Mid_L
5045,58,87,59,88,0.0005316780172030557,0.0005316780172030557,0.0005316780172030557,5917,Parietal_Sup_L,Temporal_Pole_Mid_R
5046,58,88,59,89,0.0005732560841892594,0.0005732560841892594,0.0005732560841892594,5791,Parietal_Sup_L,Temporal_Inf_L
5047,58,89,59,90,0.0005479918669498524,0.0005479918669498524,0.0005479918669498524,5872,Parietal_Sup_L,Temporal_Inf_R
5048,58,90,59,91,0.0005245296891397596,0.0005245296891397596,0.0005245296891397596,5947,Parietal_Sup_L,Cerebelum_Crus1_L
5049,58,91,59,92,0.00053283530332567,0.00053283530332567,0.00053283530332567,5910,Parietal_Sup_L,Cerebelum_Crus1_R
5050,58,92,59,93,0.000521202203570953,0.000521202203570953,0.000521202203570953,5954,Parietal_Sup_L,Cerebelum_Crus2_L
5051,58,93,59,94,0.000544186468994512,0.000544186468994512,0.000544186468994512,5884,Parietal_Sup_L,Cerebelum_Crus2_R
5052,58,94,59,95,0.000532412865173283,0.000532412865173283,0.000532412865173283,5913,Parietal_Sup_L,Cerebelum_3_L
5053,58,95,59,96,0.0005266101015672966,0.0005266101015672966,0.0005266101015672966,5939,Parietal_Sup_L,Cerebelum_3_R
5054,58,96,59,97,0.0005049683550861208,0.0005049683550861208,0.0005049683550861208,6059,Parietal_Sup_L,Cerebelum_4_5_L
5055,58,97,59,98,0.0005024538762487708,0.0005024538762487708,0.0005024538762487708,6075,Parietal_Sup_L,Cerebelum_4_5_R
5056,58,98,59,99,0.0004990769415698405,0.0004990769415698405,0.0004990769415698405,6094,Parietal_Sup_L,Cerebelum_6_L
5057,58,99,59,100,0.0005079692247018807,0.0005079692247018807,0.0005079692247018807,6038,Parietal_Sup_L,Cerebelum_6_R
5058,58,100,59,101,0.0005320737885103144,0.0005320737885103144,0.0005320737885103144,5914,Parietal_Sup_L,Cerebelum_7b_L
5059,58,101,59,102,0.0005347891331809406,0.0005347891331809406,0.0005347891331809406,5906,Parietal_Sup_L,Cerebelum_7b_R
5060,58,102,59,103,0.0004766295432009954,0.0004766295432009954,0.0004766295432009954,6286,Parietal_Sup_L,Cerebelum_8_L
5061,58,103,59,104,0.0004642687320223797,0.0004642687320223797,0.0004642687320223797,6417,Parietal_Sup_L,Cerebelum_8_R
5062,58,104,59,105,0.0005147313944281643,0.0005147313944281643,0.0005147313944281643,5992,Parietal_Sup_L,Cerebelum_9_L
5063,58,105,59,106,0.0005261063625935586,0.0005261063625935586,0.0005261063625935586,5942,Parietal_Sup_L,Cerebelum_9_R
5064,58,106,59,107,0.0005194489371361159,0.0005194489371361159,0.0005194489371361159,5961,Parietal_Sup_L,Cerebelum_10_L
5065,58,107,59,108,0.0005175235127356288,0.0005175235127356288,0.0005175235127356288,5977,Parietal_Sup_L,Cerebelum_10_R
5066,58,108,59,109,0.0005131719405115309,0.0005131719405115309,0.0005131719405115309,5999,Parietal_Sup_L,Vermis_1_2
5067,58,109,59,110,0.00051815239012466,0.00051815239012466,0.00051815239012466,5972,Parietal_Sup_L,Vermis_3
5068,58,110,59,111,0.0005100853304458941,0.0005100853304458941,0.0005100853304458941,6025,Parietal_Sup_L,Vermis_4_5
5069,58,111,59,112,0.0004808697605983901,0.0004808697605983901,0.0004808697605983901,6221,Parietal_Sup_L,Vermis_6
5070,58,112,59,113,0.0005192456716142464,0.0005192456716142464,0.0005192456716142464,5963,Parietal_Sup_L,Vermis_7
5071,58,113,59,114,0.0005186372137767523,0.0005186372137767523,0.0005186372137767523,5968,Parietal_Sup_L,Vermis_8
5072,58,114,59,115,0.000523481258770689,0.000523481258770689,0.000523481258770689,5948,Parietal_Sup_L,Vermis_9
5073,58,115,59,116,0.0005012542753998729,0.0005012542753998729,0.0005012542753998729,6080,Parietal_Sup_L,Vermis_10
5074,59,60,60,61,0.0005699372135850092,0.0005699372135850092,0.0005699372135850092,5804,Parietal_Sup_R,Parietal_Inf_L
5075,59,61,60,62,0.0007563450085807305,0.0007563450085807305,0.0007563450085807305,5639,Parietal_Sup_R,Parietal_Inf_R
5076,59,62,60,63,0.0007382237285729174,0.0007382237285729174,0.0007382237285729174,5644,Parietal_Sup_R,SupraMarginal_L
5077,59,63,60,64,0.0005444062772682961,0.0005444062772682961,0.0005444062772682961,5883,Parietal_Sup_R,SupraMarginal_R
5078,59,64,60,65,0.0005652137598594355,0.0005652137598594355,0.0005652137598594355,5819,Parietal_Sup_R,Angular_L
5079,59,65,60,66,0.001029347119101335,0.001029347119101335,0.001029347119101335,5498,Parietal_Sup_R,Angular_R
5080,59,66,60,67,0.0005588941480033528,0.0005588941480033528,0.0005588941480033528,5840,Parietal_Sup_R,Precuneus_L
5081,59,67,60,68,0.0005537269274454721,0.0005537269274454721,0.0005537269274454721,5857,Parietal_Sup_R,Precuneus_R
5082,59,68,60,69,0.0005296452439476756,0.0005296452439476756,0.0005296452439476756,5926,Parietal_Sup_R,Paracentral_Lobule_L
5083,59,69,60,70,0.000533333838150247,0.000533333838150247,0.000533333838150247,5909,Parietal_Sup_R,Paracentral_Lobule_R
5084,59,70,60,71,0.0005511906173838559,0.0005511906173838559,0.0005511906173838559,5865,Parietal_Sup_R,Caudate_L
5085,59,71,60,72,0.000564783996383482,0.000564783996383482,0.000564783996383482,5823,Parietal_Sup_R,Caudate_R
5086,59,72,60,73,0.0005690466776981094,0.0005690466776981094,0.0005690466776981094,5805,Parietal_Sup_R,Putamen_L
5087,59,73,60,74,0.0005602174004179716,0.0005602174004179716,0.0005602174004179716,5834,Parietal_Sup_R,Putamen_R
5088,59,74,60,75,0.0005454500839257487,0.0005454500839257487,0.0005454500839257487,5879,Parietal_Sup_R,Pallidum_L
5089,59,75,60,76,0.0005588840244072301,0.0005588840244072301,0.0005588840244072301,5841,Parietal_Sup_R,Pallidum_R
5090,59,76,60,77,0.0005594473208123577,0.0005594473208123577,0.0005594473208123577,5838,Parietal_Sup_R,Thalamus_L
5091,59,77,60,78,0.0005714265837124575,0.0005714265837124575,0.0005714265837124575,5796,Parietal_Sup_R,Thalamus_R
5092,59,78,60,79,0.0005552802768387405,0.0005552802768387405,0.0005552802768387405,5852,Parietal_Sup_R,Heschl_L
5093,59,79,60,80,0.0005730782974825663,0.0005730782974825663,0.0005730782974825663,5792,Parietal_Sup_R,Heschl_R
5094,59,80,60,81,0.0005635888757867337,0.0005635888757867337,0.0005635888757867337,5830,Parietal_Sup_R,Temporal_Sup_L
5095,59,81,60,82,0.0005637581675261488,0.0005637581675261488,0.0005637581675261488,5829,Parietal_Sup_R,Temporal_Sup_R
5096,59,82,60,83,0.0005660258797841068,0.0005660258797841068,0.0005660258797841068,5815,Parietal_Sup_R,Temporal_Pole_Sup_L
5097,59,83,60,84,0.0005703027962366748,0.0005703027962366748,0.0005703027962366748,5801,Parietal_Sup_R,Temporal_Pole_Sup_R
5098,59,84,60,85,0.0005720544903151298,0.0005720544903151298,0.0005720544903151298,5793,Parietal_Sup_R,Temporal_Mid_L
5099,59,85,60,86,0.000556512411590965,0.000556512411590965,0.000556512411590965,5845,Parietal_Sup_R,Temporal_Mid_R
5100,59,86,60,87,0.0005757459210271469,0.0005757459210271469,0.0005757459210271469,5787,Parietal_Sup_R,Temporal_Pole_Mid_L
5101,59,87,60,88,0.0005594786832994713,0.0005594786832994713,0.0005594786832994713,5837,Parietal_Sup_R,Temporal_Pole_Mid_R
5102,59,88,60,89,0.000574241103329974,0.000574241103329974,0.000574241103329974,5790,Parietal_Sup_R,Temporal_Inf_L
5103,59,89,60,90,0.0005797036915156481,0.0005797036915156481,0.0005797036915156481,5783,Parietal_Sup_R,Temporal_Inf_R
5104,59,90,60,91,0.0005748797955236736,0.0005748797955236736,0.0005748797955236736,5789,Parietal_Sup_R,Cerebelum_Crus1_L
5105,59,91,60,92,0.0005649785451629054,0.0005649785451629054,0.0005649785451629054,5820,Parietal_Sup_R,Cerebelum_Crus1_R
5106,59,92,60,93,0.0005713266372793548,0.0005713266372793548,0.0005713266372793548,5797,Parietal_Sup_R,Cerebelum_Crus2_L
5107,59,93,60,94,0.0005701783520135346,0.0005701783520135346,0.0005701783520135346,5802,Parietal_Sup_R,Cerebelum_Crus2_R
5108,59,94,60,95,0.0005712516674071716,0.0005712516674071716,0.0005712516674071716,5799,Parietal_Sup_R,Cerebelum_3_L
5109,59,95,60,96,0.0005638076545048714,0.0005638076545048714,0.0005638076545048714,5828,Parietal_Sup_R,Cerebelum_3_R
5110,59,96,60,97,0.000553517486364338,0.000553517486364338,0.000553517486364338,5858,Parietal_Sup_R,Cerebelum_4_5_L
5111,59,97,60,98,0.0005552498562548544,0.0005552498562548544,0.0005552498562548544,5853,Parietal_Sup_R,Cerebelum_4_5_R
5112,59,98,60,99,0.000557482411372624,0.000557482411372624,0.000557482411372624,5844,Parietal_Sup_R,Cerebelum_6_L
5113,59,99,60,100,0.0005599695439483412,0.0005599695439483412,0.0005599695439483412,5836,Parietal_Sup_R,Cerebelum_6_R
5114,59,100,60,101,0.0005913168000026175,0.0005913168000026175,0.0005913168000026175,5777,Parietal_Sup_R,Cerebelum_7b_L
5115,59,101,60,102,0.0005700459346712246,0.0005700459346712246,0.0005700459346712246,5803,Parietal_Sup_R,Cerebelum_7b_R
5116,59,102,60,103,0.0005373897472882376,0.0005373897472882376,0.0005373897472882376,5899,Parietal_Sup_R,Cerebelum_8_L
5117,59,103,60,104,0.0005265413980365118,0.0005265413980365118,0.0005265413980365118,5940,Parietal_Sup_R,Cerebelum_8_R
5118,59,104,60,105,0.0005648021175589555,0.0005648021175589555,0.0005648021175589555,5822,Parietal_Sup_R,Cerebelum_9_L
5119,59,105,60,106,0.0005645816620842275,0.0005645816620842275,0.0005645816620842275,5824,Parietal_Sup_R,Cerebelum_9_R
5120,59,106,60,107,0.0005655856583878091,0.0005655856583878091,0.0005655856583878091,5817,Parietal_Sup_R,Cerebelum_10_L
5121,59,107,60,108,0.0005663935482387074,0.0005663935482387074,0.0005663935482387074,5813,Parietal_Sup_R,Cerebelum_10_R
5122,59,108,60,109,0.000555962583087129,0.000555962583087129,0.000555962583087129,5850,Parietal_Sup_R,Vermis_1_2
5123,59,109,60,110,0.0005494349454147853,0.0005494349454147853,0.0005494349454147853,5870,Parietal_Sup_R,Vermis_3
5124,59,110,60,111,0.0005515838095558724,0.0005515838095558724,0.0005515838095558724,5862,Parietal_Sup_R,Vermis_4_5
5125,59,111,60,112,0.0005357273657690611,0.0005357273657690611,0.0005357273657690611,5904,Parietal_Sup_R,Vermis_6
5126,59,112,60,113,0.0005790274555763873,0.0005790274555763873,0.0005790274555763873,5784,Parietal_Sup_R,Vermis_7
5127,59,113,60,114,0.0005604350567671348,0.0005604350567671348,0.0005604350567671348,5832,Parietal_Sup_R,Vermis_8
5128,59,114,60,115,0.0005648659025436084,0.0005648659025436084,0.0005648659025436084,5821,Parietal_Sup_R,Vermis_9
5129,59,115,60,116,0.0005325562750744828,0.0005325562750744828,0.0005325562750744828,5911,Parietal_Sup_R,Vermis_10
5130,60,61,61,62,0.0004917824628005669,0.0004917824628005669,0.0004917824628005669,6145,Parietal_Inf_L,Parietal_Inf_R
5131,60,62,61,63,0.0004697783537492681,0.0004697783537492681,0.0004697783537492681,6358,Parietal_Inf_L,SupraMarginal_L
5132,60,63,61,64,-0.5089309469691511,0.5089309469691511,0.5089309469691511,9,Parietal_Inf_L,SupraMarginal_R
5133,60,64,61,65,-0.0834422279876597,0.0834422279876597,0.0834422279876597,1578,Parietal_Inf_L,Angular_L
5134,60,65,61,66,0.000860621705072179,0.000860621705072179,0.000860621705072179,5588,Parietal_Inf_L,Angular_R
5135,60,66,61,67,-0.1288655798922533,0.1288655798922533,0.1288655798922533,835,Parietal_Inf_L,Precuneus_L
5136,60,67,61,68,-0.3031925240687904,0.3031925240687904,0.3031925240687904,73,Parietal_Inf_L,Precuneus_R
5137,60,68,61,69,-0.12096207576850462,0.12096207576850462,0.12096207576850462,925,Parietal_Inf_L,Paracentral_Lobule_L
5138,60,69,61,70,-0.1534503526187775,0.1534503526187775,0.1534503526187775,586,Parietal_Inf_L,Paracentral_Lobule_R
5139,60,70,61,71,-0.05513066002836849,0.05513066002836849,0.05513066002836849,2392,Parietal_Inf_L,Caudate_L
5140,60,71,61,72,0.17560838847610097,0.17560838847610097,0.17560838847610097,433,Parietal_Inf_L,Caudate_R
5141,60,72,61,73,-0.19556077969562657,0.19556077969562657,0.19556077969562657,326,Parietal_Inf_L,Putamen_L
5142,60,73,61,74,-0.33060178088485687,0.33060178088485687,0.33060178088485687,46,Parietal_Inf_L,Putamen_R
5143,60,74,61,75,-0.32946827083480335,0.32946827083480335,0.32946827083480335,48,Parietal_Inf_L,Pallidum_L
5144,60,75,61,76,-0.1345526686684399,0.1345526686684399,0.1345526686684399,775,Parietal_Inf_L,Pallidum_R
5145,60,76,61,77,0.09030314119969166,0.09030314119969166,0.09030314119969166,1432,Parietal_Inf_L,Thalamus_L
5146,60,77,61,78,-0.1438195629527346,0.1438195629527346,0.1438195629527346,687,Parietal_Inf_L,Thalamus_R
5147,60,78,61,79,0.07989111370483234,0.07989111370483234,0.07989111370483234,1660,Parietal_Inf_L,Heschl_L
5148,60,79,61,80,0.09143221542505688,0.09143221542505688,0.09143221542505688,1413,Parietal_Inf_L,Heschl_R
5149,60,80,61,81,-0.05566178202000091,0.05566178202000091,0.05566178202000091,2376,Parietal_Inf_L,Temporal_Sup_L
5150,60,81,61,82,0.1651904406180393,0.1651904406180393,0.1651904406180393,496,Parietal_Inf_L,Temporal_Sup_R
5151,60,82,61,83,0.11061639211877684,0.11061639211877684,0.11061639211877684,1075,Parietal_Inf_L,Temporal_Pole_Sup_L
5152,60,83,61,84,0.23119985302449267,0.23119985302449267,0.23119985302449267,211,Parietal_Inf_L,Temporal_Pole_Sup_R
5153,60,84,61,85,0.08306312396910445,0.08306312396910445,0.08306312396910445,1587,Parietal_Inf_L,Temporal_Mid_L
5154,60,85,61,86,-0.250463736628616,0.250463736628616,0.250463736628616,155,Parietal_Inf_L,Temporal_Mid_R
5155,60,86,61,87,0.24837513009254683,0.24837513009254683,0.24837513009254683,158,Parietal_Inf_L,Temporal_Pole_Mid_L
5156,60,87,61,88,0.18771024288307295,0.18771024288307295,0.18771024288307295,375,Parietal_Inf_L,Temporal_Pole_Mid_R
5157,60,88,61,89,0.08891637282318372,0.08891637282318372,0.08891637282318372,1463,Parietal_Inf_L,Temporal_Inf_L
5158,60,89,61,90,0.41732108249883004,0.41732108249883004,0.41732108249883004,22,Parietal_Inf_L,Temporal_Inf_R
5159,60,90,61,91,0.0007706017581034187,0.0007706017581034187,0.0007706017581034187,5636,Parietal_Inf_L,Cerebelum_Crus1_L
5160,60,91,61,92,-0.13431675906649834,0.13431675906649834,0.13431675906649834,778,Parietal_Inf_L,Cerebelum_Crus1_R
5161,60,92,61,93,-0.21796101580615526,0.21796101580615526,0.21796101580615526,249,Parietal_Inf_L,Cerebelum_Crus2_L
5162,60,93,61,94,-0.03296784072952046,0.03296784072952046,0.03296784072952046,3376,Parietal_Inf_L,Cerebelum_Crus2_R
5163,60,94,61,95,0.2434791213621005,0.2434791213621005,0.2434791213621005,171,Parietal_Inf_L,Cerebelum_3_L
5164,60,95,61,96,-0.030999549366759957,0.030999549366759957,0.030999549366759957,3493,Parietal_Inf_L,Cerebelum_3_R
5165,60,96,61,97,-0.10304550912714004,0.10304550912714004,0.10304550912714004,1195,Parietal_Inf_L,Cerebelum_4_5_L
5166,60,97,61,98,-0.15994124216589273,0.15994124216589273,0.15994124216589273,529,Parietal_Inf_L,Cerebelum_4_5_R
5167,60,98,61,99,-0.30540530723519405,0.30540530723519405,0.30540530723519405,70,Parietal_Inf_L,Cerebelum_6_L
5168,60,99,61,100,-0.32127674837022696,0.32127674837022696,0.32127674837022696,57,Parietal_Inf_L,Cerebelum_6_R
5169,60,100,61,101,0.501931572824531,0.501931572824531,0.501931572824531,11,Parietal_Inf_L,Cerebelum_7b_L
5170,60,101,61,102,-0.18026286510380013,0.18026286510380013,0.18026286510380013,403,Parietal_Inf_L,Cerebelum_7b_R
5171,60,102,61,103,-0.5106944023508316,0.5106944023508316,0.5106944023508316,8,Parietal_Inf_L,Cerebelum_8_L
5172,60,103,61,104,-0.5292023656307792,0.5292023656307792,0.5292023656307792,7,Parietal_Inf_L,Cerebelum_8_R
5173,60,104,61,105,-0.04125490986924953,0.04125490986924953,0.04125490986924953,2956,Parietal_Inf_L,Cerebelum_9_L
5174,60,105,61,106,0.040224779016731015,0.040224779016731015,0.040224779016731015,3023,Parietal_Inf_L,Cerebelum_9_R
5175,60,106,61,107,0.0008800536315155029,0.0008800536315155029,0.0008800536315155029,5533,Parietal_Inf_L,Cerebelum_10_L
5176,60,107,61,108,0.041217747659936625,0.041217747659936625,0.041217747659936625,2961,Parietal_Inf_L,Cerebelum_10_R
5177,60,108,61,109,-0.010167998046479847,0.010167998046479847,0.010167998046479847,4843,Parietal_Inf_L,Vermis_1_2
5178,60,109,61,110,0.0026765838951830967,0.0026765838951830967,0.0026765838951830967,5375,Parietal_Inf_L,Vermis_3
5179,60,110,61,111,0.008989513313843718,0.008989513313843718,0.008989513313843718,4916,Parietal_Inf_L,Vermis_4_5
5180,60,111,61,112,-0.15404064138920529,0.15404064138920529,0.15404064138920529,578,Parietal_Inf_L,Vermis_6
5181,60,112,61,113,-0.047129161741969315,0.047129161741969315,0.047129161741969315,2695,Parietal_Inf_L,Vermis_7
5182,60,113,61,114,-0.009469626567773433,0.009469626567773433,0.009469626567773433,4888,Parietal_Inf_L,Vermis_8
5183,60,114,61,115,0.008772333390827924,0.008772333390827924,0.008772333390827924,4931,Parietal_Inf_L,Vermis_9
5184,60,115,61,116,-0.14833742210964995,0.14833742210964995,0.14833742210964995,635,Parietal_Inf_L,Vermis_10
5185,61,62,62,63,0.000652440005618499,0.000652440005618499,0.000652440005618499,5662,Parietal_Inf_R,SupraMarginal_L
5186,61,63,62,64,0.0004407968284508053,0.0004407968284508053,0.0004407968284508053,6529,Parietal_Inf_R,SupraMarginal_R
5187,61,64,62,65,0.0005101770019442678,0.0005101770019442678,0.0005101770019442678,6020,Parietal_Inf_R,Angular_L
5188,61,65,62,66,0.0009478507020282349,0.0009478507020282349,0.0009478507020282349,5509,Parietal_Inf_R,Angular_R
5189,61,66,62,67,0.0005140848109186101,0.0005140848109186101,0.0005140848109186101,5996,Parietal_Inf_R,Precuneus_L
5190,61,67,62,68,0.0004711253364418097,0.0004711253364418097,0.0004711253364418097,6347,Parietal_Inf_R,Precuneus_R
5191,61,68,62,69,0.0004976846842077792,0.0004976846842077792,0.0004976846842077792,6104,Parietal_Inf_R,Paracentral_Lobule_L
5192,61,69,62,70,0.0004967537769212123,0.0004967537769212123,0.0004967537769212123,6109,Parietal_Inf_R,Paracentral_Lobule_R
5193,61,70,62,71,0.000487092166457979,0.000487092166457979,0.000487092166457979,6171,Parietal_Inf_R,Caudate_L
5194,61,71,62,72,0.0004962428613863788,0.0004962428613863788,0.0004962428613863788,6113,Parietal_Inf_R,Caudate_R
5195,61,72,62,73,0.0004846113047910915,0.0004846113047910915,0.0004846113047910915,6197,Parietal_Inf_R,Putamen_L
5196,61,73,62,74,0.00047557331132801976,0.00047557331132801976,0.00047557331132801976,6300,Parietal_Inf_R,Putamen_R
5197,61,74,62,75,0.0004659584379734848,0.0004659584379734848,0.0004659584379734848,6400,Parietal_Inf_R,Pallidum_L
5198,61,75,62,76,0.0004789981528402905,0.0004789981528402905,0.0004789981528402905,6257,Parietal_Inf_R,Pallidum_R
5199,61,76,62,77,0.00048285595096203283,0.00048285595096203283,0.00048285595096203283,6207,Parietal_Inf_R,Thalamus_L
5200,61,77,62,78,0.00046704450853606776,0.00046704450853606776,0.00046704450853606776,6391,Parietal_Inf_R,Thalamus_R
5201,61,78,62,79,0.0004944243180699167,0.0004944243180699167,0.0004944243180699167,6128,Parietal_Inf_R,Heschl_L
5202,61,79,62,80,0.000488153008124864,0.000488153008124864,0.000488153008124864,6165,Parietal_Inf_R,Heschl_R
5203,61,80,62,81,0.00048150438525124904,0.00048150438525124904,0.00048150438525124904,6214,Parietal_Inf_R,Temporal_Sup_L
5204,61,81,62,82,0.0004776667843698064,0.0004776667843698064,0.0004776667843698064,6281,Parietal_Inf_R,Temporal_Sup_R
5205,61,82,62,83,0.0004925919392405508,0.0004925919392405508,0.0004925919392405508,6138,Parietal_Inf_R,Temporal_Pole_Sup_L
5206,61,83,62,84,0.0004883270334581072,0.0004883270334581072,0.0004883270334581072,6162,Parietal_Inf_R,Temporal_Pole_Sup_R
5207,61,84,62,85,0.0005167305238313799,0.0005167305238313799,0.0005167305238313799,5982,Parietal_Inf_R,Temporal_Mid_L
5208,61,85,62,86,0.0004950123712726586,0.0004950123712726586,0.0004950123712726586,6124,Parietal_Inf_R,Temporal_Mid_R
5209,61,86,62,87,0.0005088891159351377,0.0005088891159351377,0.0005088891159351377,6031,Parietal_Inf_R,Temporal_Pole_Mid_L
5210,61,87,62,88,0.0005059510023572077,0.0005059510023572077,0.0005059510023572077,6053,Parietal_Inf_R,Temporal_Pole_Mid_R
5211,61,88,62,89,0.0004935462090787984,0.0004935462090787984,0.0004935462090787984,6130,Parietal_Inf_R,Temporal_Inf_L
5212,61,89,62,90,0.0005198731830110951,0.0005198731830110951,0.0005198731830110951,5959,Parietal_Inf_R,Temporal_Inf_R
5213,61,90,62,91,0.0005163543355982311,0.0005163543355982311,0.0005163543355982311,5984,Parietal_Inf_R,Cerebelum_Crus1_L
5214,61,91,62,92,0.0005118498602522252,0.0005118498602522252,0.0005118498602522252,6012,Parietal_Inf_R,Cerebelum_Crus1_R
5215,61,92,62,93,0.0005154314701586511,0.0005154314701586511,0.0005154314701586511,5989,Parietal_Inf_R,Cerebelum_Crus2_L
5216,61,93,62,94,0.0005042441696913798,0.0005042441696913798,0.0005042441696913798,6065,Parietal_Inf_R,Cerebelum_Crus2_R
5217,61,94,62,95,0.000507031167605911,0.000507031167605911,0.000507031167605911,6046,Parietal_Inf_R,Cerebelum_3_L
5218,61,95,62,96,0.0004979201460557792,0.0004979201460557792,0.0004979201460557792,6101,Parietal_Inf_R,Cerebelum_3_R
5219,61,96,62,97,0.0005004277660840844,0.0005004277660840844,0.0005004277660840844,6086,Parietal_Inf_R,Cerebelum_4_5_L
5220,61,97,62,98,0.00047495270632716375,0.00047495270632716375,0.00047495270632716375,6310,Parietal_Inf_R,Cerebelum_4_5_R
5221,61,98,62,99,0.0004643087308931846,0.0004643087308931846,0.0004643087308931846,6416,Parietal_Inf_R,Cerebelum_6_L
5222,61,99,62,100,0.00047139995974440917,0.00047139995974440917,0.00047139995974440917,6345,Parietal_Inf_R,Cerebelum_6_R
5223,61,100,62,101,0.0005158204945314424,0.0005158204945314424,0.0005158204945314424,5985,Parietal_Inf_R,Cerebelum_7b_L
5224,61,101,62,102,0.00047933881268066674,0.00047933881268066674,0.00047933881268066674,6251,Parietal_Inf_R,Cerebelum_7b_R
5225,61,102,62,103,0.0004504889205675978,0.0004504889205675978,0.0004504889205675978,6507,Parietal_Inf_R,Cerebelum_8_L
5226,61,103,62,104,0.00045077612307539786,0.00045077612307539786,0.00045077612307539786,6506,Parietal_Inf_R,Cerebelum_8_R
5227,61,104,62,105,0.0004869423527806976,0.0004869423527806976,0.0004869423527806976,6173,Parietal_Inf_R,Cerebelum_9_L
5228,61,105,62,106,0.0004781136445656024,0.0004781136445656024,0.0004781136445656024,6272,Parietal_Inf_R,Cerebelum_9_R
5229,61,106,62,107,0.00047809765267711393,0.00047809765267711393,0.00047809765267711393,6273,Parietal_Inf_R,Cerebelum_10_L
5230,61,107,62,108,0.0005121065781127269,0.0005121065781127269,0.0005121065781127269,6007,Parietal_Inf_R,Cerebelum_10_R
5231,61,108,62,109,0.000485825090743948,0.000485825090743948,0.000485825090743948,6187,Parietal_Inf_R,Vermis_1_2
5232,61,109,62,110,0.0004778958244844796,0.0004778958244844796,0.0004778958244844796,6275,Parietal_Inf_R,Vermis_3
5233,61,110,62,111,0.0004926947113155503,0.0004926947113155503,0.0004926947113155503,6137,Parietal_Inf_R,Vermis_4_5
5234,61,111,62,112,0.0004738530139882983,0.0004738530139882983,0.0004738530139882983,6317,Parietal_Inf_R,Vermis_6
5235,61,112,62,113,0.00048597813615941694,0.00048597813615941694,0.00048597813615941694,6186,Parietal_Inf_R,Vermis_7
5236,61,113,62,114,0.0004643369146880623,0.0004643369146880623,0.0004643369146880623,6415,Parietal_Inf_R,Vermis_8
5237,61,114,62,115,0.00047956827580267696,0.00047956827580267696,0.00047956827580267696,6245,Parietal_Inf_R,Vermis_9
5238,61,115,62,116,0.00046565428475830924,0.00046565428475830924,0.00046565428475830924,6405,Parietal_Inf_R,Vermis_10
5239,62,63,63,64,0.0004905918112478666,0.0004905918112478666,0.0004905918112478666,6150,SupraMarginal_L,SupraMarginal_R
5240,62,64,63,65,0.0005042288188540077,0.0005042288188540077,0.0005042288188540077,6066,SupraMarginal_L,Angular_L
5241,62,65,63,66,0.0009595459509846618,0.0009595459509846618,0.0009595459509846618,5507,SupraMarginal_L,Angular_R
5242,62,66,63,67,0.0005116850825318238,0.0005116850825318238,0.0005116850825318238,6013,SupraMarginal_L,Precuneus_L
5243,62,67,63,68,0.0005101065449058384,0.0005101065449058384,0.0005101065449058384,6022,SupraMarginal_L,Precuneus_R
5244,62,68,63,69,0.000520924874002567,0.000520924874002567,0.000520924874002567,5956,SupraMarginal_L,Paracentral_Lobule_L
5245,62,69,63,70,0.0005273688954494078,0.0005273688954494078,0.0005273688954494078,5935,SupraMarginal_L,Paracentral_Lobule_R
5246,62,70,63,71,0.0005081349813107134,0.0005081349813107134,0.0005081349813107134,6036,SupraMarginal_L,Caudate_L
5247,62,71,63,72,0.0005131198856677534,0.0005131198856677534,0.0005131198856677534,6000,SupraMarginal_L,Caudate_R
5248,62,72,63,73,0.0004956777595093409,0.0004956777595093409,0.0004956777595093409,6118,SupraMarginal_L,Putamen_L
5249,62,73,63,74,0.0005052057292206692,0.0005052057292206692,0.0005052057292206692,6057,SupraMarginal_L,Putamen_R
5250,62,74,63,75,0.0005046480372194579,0.0005046480372194579,0.0005046480372194579,6063,SupraMarginal_L,Pallidum_L
5251,62,75,63,76,0.0004928604306781116,0.0004928604306781116,0.0004928604306781116,6134,SupraMarginal_L,Pallidum_R
5252,62,76,63,77,0.0005122005834416959,0.0005122005834416959,0.0005122005834416959,6006,SupraMarginal_L,Thalamus_L
5253,62,77,63,78,0.0005209261120282454,0.0005209261120282454,0.0005209261120282454,5955,SupraMarginal_L,Thalamus_R
5254,62,78,63,79,0.0005371656863317835,0.0005371656863317835,0.0005371656863317835,5900,SupraMarginal_L,Heschl_L
5255,62,79,63,80,0.0005288677377529925,0.0005288677377529925,0.0005288677377529925,5929,SupraMarginal_L,Heschl_R
5256,62,80,63,81,0.0005274708863845085,0.0005274708863845085,0.0005274708863845085,5934,SupraMarginal_L,Temporal_Sup_L
5257,62,81,63,82,0.000530936716128125,0.000530936716128125,0.000530936716128125,5920,SupraMarginal_L,Temporal_Sup_R
5258,62,82,63,83,0.0005097453595596507,0.0005097453595596507,0.0005097453595596507,6028,SupraMarginal_L,Temporal_Pole_Sup_L
5259,62,83,63,84,0.0005266450022637768,0.0005266450022637768,0.0005266450022637768,5938,SupraMarginal_L,Temporal_Pole_Sup_R
5260,62,84,63,85,0.0005009891782957947,0.0005009891782957947,0.0005009891782957947,6082,SupraMarginal_L,Temporal_Mid_L
5261,62,85,63,86,0.0005051334497929012,0.0005051334497929012,0.0005051334497929012,6058,SupraMarginal_L,Temporal_Mid_R
5262,62,86,63,87,0.0005140503265727521,0.0005140503265727521,0.0005140503265727521,5997,SupraMarginal_L,Temporal_Pole_Mid_L
5263,62,87,63,88,0.0005101404344648406,0.0005101404344648406,0.0005101404344648406,6021,SupraMarginal_L,Temporal_Pole_Mid_R
5264,62,88,63,89,0.0005010102674163778,0.0005010102674163778,0.0005010102674163778,6081,SupraMarginal_L,Temporal_Inf_L
5265,62,89,63,90,0.0005178036785212595,0.0005178036785212595,0.0005178036785212595,5975,SupraMarginal_L,Temporal_Inf_R
5266,62,90,63,91,0.0005030569820817818,0.0005030569820817818,0.0005030569820817818,6071,SupraMarginal_L,Cerebelum_Crus1_L
5267,62,91,63,92,0.0004777507645132196,0.0004777507645132196,0.0004777507645132196,6279,SupraMarginal_L,Cerebelum_Crus1_R
5268,62,92,63,93,0.0004921308176938517,0.0004921308176938517,0.0004921308176938517,6143,SupraMarginal_L,Cerebelum_Crus2_L
5269,62,93,63,94,0.0004975983298511114,0.0004975983298511114,0.0004975983298511114,6107,SupraMarginal_L,Cerebelum_Crus2_R
5270,62,94,63,95,0.0005215634470056927,0.0005215634470056927,0.0005215634470056927,5951,SupraMarginal_L,Cerebelum_3_L
5271,62,95,63,96,0.00051550496268364,0.00051550496268364,0.00051550496268364,5987,SupraMarginal_L,Cerebelum_3_R
5272,62,96,63,97,0.0005136708941956406,0.0005136708941956406,0.0005136708941956406,5998,SupraMarginal_L,Cerebelum_4_5_L
5273,62,97,63,98,0.0005142230153404093,0.0005142230153404093,0.0005142230153404093,5995,SupraMarginal_L,Cerebelum_4_5_R
5274,62,98,63,99,0.0005054782118411047,0.0005054782118411047,0.0005054782118411047,6055,SupraMarginal_L,Cerebelum_6_L
5275,62,99,63,100,0.0005068787189607144,0.0005068787189607144,0.0005068787189607144,6048,SupraMarginal_L,Cerebelum_6_R
5276,62,100,63,101,0.0004801271678401301,0.0004801271678401301,0.0004801271678401301,6236,SupraMarginal_L,Cerebelum_7b_L
5277,62,101,63,102,0.00047922220492506483,0.00047922220492506483,0.00047922220492506483,6253,SupraMarginal_L,Cerebelum_7b_R
5278,62,102,63,103,0.000509215498311981,0.000509215498311981,0.000509215498311981,6030,SupraMarginal_L,Cerebelum_8_L
5279,62,103,63,104,0.0005122143212635038,0.0005122143212635038,0.0005122143212635038,6005,SupraMarginal_L,Cerebelum_8_R
5280,62,104,63,105,0.0005119299047120717,0.0005119299047120717,0.0005119299047120717,6010,SupraMarginal_L,Cerebelum_9_L
5281,62,105,63,106,0.0005190267934511058,0.0005190267934511058,0.0005190267934511058,5965,SupraMarginal_L,Cerebelum_9_R
5282,62,106,63,107,0.000500802289922374,0.000500802289922374,0.000500802289922374,6084,SupraMarginal_L,Cerebelum_10_L
5283,62,107,63,108,0.0005094876315084788,0.0005094876315084788,0.0005094876315084788,6029,SupraMarginal_L,Cerebelum_10_R
5284,62,108,63,109,0.0005193136929222106,0.0005193136929222106,0.0005193136929222106,5962,SupraMarginal_L,Vermis_1_2
5285,62,109,63,110,0.000502085977363302,0.000502085977363302,0.000502085977363302,6076,SupraMarginal_L,Vermis_3
5286,62,110,63,111,0.0005030597428558665,0.0005030597428558665,0.0005030597428558665,6070,SupraMarginal_L,Vermis_4_5
5287,62,111,63,112,0.0005110670690730421,0.0005110670690730421,0.0005110670690730421,6015,SupraMarginal_L,Vermis_6
5288,62,112,63,113,0.0005069734464319586,0.0005069734464319586,0.0005069734464319586,6047,SupraMarginal_L,Vermis_7
5289,62,113,63,114,0.0005370197534193125,0.0005370197534193125,0.0005370197534193125,5901,SupraMarginal_L,Vermis_8
5290,62,114,63,115,0.0005171590988152651,0.0005171590988152651,0.0005171590988152651,5979,SupraMarginal_L,Vermis_9
5291,62,115,63,116,0.0005037943636401508,0.0005037943636401508,0.0005037943636401508,6067,SupraMarginal_L,Vermis_10
5292,63,64,64,65,0.1990341381690959,0.1990341381690959,0.1990341381690959,305,SupraMarginal_R,Angular_L
5293,63,65,64,66,0.0008513222850021957,0.0008513222850021957,0.0008513222850021957,5603,SupraMarginal_R,Angular_R
5294,63,66,64,67,0.1470297542367127,0.1470297542367127,0.1470297542367127,647,SupraMarginal_R,Precuneus_L
5295,63,67,64,68,-0.01766354102685456,0.01766354102685456,0.01766354102685456,4299,SupraMarginal_R,Precuneus_R
5296,63,68,64,69,-0.005533082599968029,0.005533082599968029,0.005533082599968029,5152,SupraMarginal_R,Paracentral_Lobule_L
5297,63,69,64,70,0.08402473511824952,0.08402473511824952,0.08402473511824952,1559,SupraMarginal_R,Paracentral_Lobule_R
5298,63,70,64,71,-0.050852576140758374,0.050852576140758374,0.050852576140758374,2553,SupraMarginal_R,Caudate_L
5299,63,71,64,72,0.2055711726625677,0.2055711726625677,0.2055711726625677,285,SupraMarginal_R,Caudate_R
5300,63,72,64,73,0.18095327796669683,0.18095327796669683,0.18095327796669683,397,SupraMarginal_R,Putamen_L
5301,63,73,64,74,0.09524182610745646,0.09524182610745646,0.09524182610745646,1331,SupraMarginal_R,Putamen_R
5302,63,74,64,75,-0.2867792158671713,0.2867792158671713,0.2867792158671713,93,SupraMarginal_R,Pallidum_L
5303,63,75,64,76,-0.14329645476139696,0.14329645476139696,0.14329645476139696,695,SupraMarginal_R,Pallidum_R
5304,63,76,64,77,-0.24195159530181437,0.24195159530181437,0.24195159530181437,176,SupraMarginal_R,Thalamus_L
5305,63,77,64,78,0.17969852149492344,0.17969852149492344,0.17969852149492344,408,SupraMarginal_R,Thalamus_R
5306,63,78,64,79,0.1904611376711001,0.1904611376711001,0.1904611376711001,353,SupraMarginal_R,Heschl_L
5307,63,79,64,80,0.05593024463983369,0.05593024463983369,0.05593024463983369,2372,SupraMarginal_R,Heschl_R
5308,63,80,64,81,-0.22177465330509555,0.22177465330509555,0.22177465330509555,237,SupraMarginal_R,Temporal_Sup_L
5309,63,81,64,82,-0.0549086997994196,0.0549086997994196,0.0549086997994196,2401,SupraMarginal_R,Temporal_Sup_R
5310,63,82,64,83,-0.0876036999917638,0.0876036999917638,0.0876036999917638,1486,SupraMarginal_R,Temporal_Pole_Sup_L
5311,63,83,64,84,0.13059534126343159,0.13059534126343159,0.13059534126343159,816,SupraMarginal_R,Temporal_Pole_Sup_R
5312,63,84,64,85,0.02641511603502284,0.02641511603502284,0.02641511603502284,3768,SupraMarginal_R,Temporal_Mid_L
5313,63,85,64,86,-0.11882665588645125,0.11882665588645125,0.11882665588645125,955,SupraMarginal_R,Temporal_Mid_R
5314,63,86,64,87,0.21410584341122305,0.21410584341122305,0.21410584341122305,262,SupraMarginal_R,Temporal_Pole_Mid_L
5315,63,87,64,88,-0.009328576627525441,0.009328576627525441,0.009328576627525441,4899,SupraMarginal_R,Temporal_Pole_Mid_R
5316,63,88,64,89,-0.11451791937600406,0.11451791937600406,0.11451791937600406,1014,SupraMarginal_R,Temporal_Inf_L
5317,63,89,64,90,0.3117568667852977,0.3117568667852977,0.3117568667852977,64,SupraMarginal_R,Temporal_Inf_R
5318,63,90,64,91,0.0504249015441634,0.0504249015441634,0.0504249015441634,2569,SupraMarginal_R,Cerebelum_Crus1_L
5319,63,91,64,92,-0.1401143261685234,0.1401143261685234,0.1401143261685234,729,SupraMarginal_R,Cerebelum_Crus1_R
5320,63,92,64,93,-0.11310474729590331,0.11310474729590331,0.11310474729590331,1037,SupraMarginal_R,Cerebelum_Crus2_L
5321,63,93,64,94,-0.03014418332399902,0.03014418332399902,0.03014418332399902,3553,SupraMarginal_R,Cerebelum_Crus2_R
5322,63,94,64,95,0.24471556991199328,0.24471556991199328,0.24471556991199328,167,SupraMarginal_R,Cerebelum_3_L
5323,63,95,64,96,0.2924652127121551,0.2924652127121551,0.2924652127121551,81,SupraMarginal_R,Cerebelum_3_R
5324,63,96,64,97,0.030768610795547657,0.030768610795547657,0.030768610795547657,3513,SupraMarginal_R,Cerebelum_4_5_L
5325,63,97,64,98,-0.03650380222841628,0.03650380222841628,0.03650380222841628,3182,SupraMarginal_R,Cerebelum_4_5_R
5326,63,98,64,99,-0.2895343885766232,0.2895343885766232,0.2895343885766232,87,SupraMarginal_R,Cerebelum_6_L
5327,63,99,64,100,0.13656021959155776,0.13656021959155776,0.13656021959155776,758,SupraMarginal_R,Cerebelum_6_R
5328,63,100,64,101,-0.1923747246267085,0.1923747246267085,0.1923747246267085,343,SupraMarginal_R,Cerebelum_7b_L
5329,63,101,64,102,-0.5080056031356753,0.5080056031356753,0.5080056031356753,10,SupraMarginal_R,Cerebelum_7b_R
5330,63,102,64,103,-0.24360315478096944,0.24360315478096944,0.24360315478096944,170,SupraMarginal_R,Cerebelum_8_L
5331,63,103,64,104,-0.3388854922090736,0.3388854922090736,0.3388854922090736,38,SupraMarginal_R,Cerebelum_8_R
5332,63,104,64,105,0.019607377976329787,0.019607377976329787,0.019607377976329787,4187,SupraMarginal_R,Cerebelum_9_L
5333,63,105,64,106,0.16800149725574548,0.16800149725574548,0.16800149725574548,476,SupraMarginal_R,Cerebelum_9_R
5334,63,106,64,107,-0.06827239691346154,0.06827239691346154,0.06827239691346154,1951,SupraMarginal_R,Cerebelum_10_L
5335,63,107,64,108,0.06542976627096449,0.06542976627096449,0.06542976627096449,2049,SupraMarginal_R,Cerebelum_10_R
5336,63,108,64,109,0.0013062046872681474,0.0013062046872681474,0.0013062046872681474,5485,SupraMarginal_R,Vermis_1_2
5337,63,109,64,110,-0.060448283658999666,0.060448283658999666,0.060448283658999666,2218,SupraMarginal_R,Vermis_3
5338,63,110,64,111,-0.030014486504496087,0.030014486504496087,0.030014486504496087,3560,SupraMarginal_R,Vermis_4_5
5339,63,111,64,112,-0.06637121975600656,0.06637121975600656,0.06637121975600656,2024,SupraMarginal_R,Vermis_6
5340,63,112,64,113,0.010939224709608482,0.010939224709608482,0.010939224709608482,4789,SupraMarginal_R,Vermis_7
5341,63,113,64,114,0.03213623316407415,0.03213623316407415,0.03213623316407415,3426,SupraMarginal_R,Vermis_8
5342,63,114,64,115,-0.005415032653921541,0.005415032653921541,0.005415032653921541,5164,SupraMarginal_R,Vermis_9
5343,63,115,64,116,-0.20410029989852824,0.20410029989852824,0.20410029989852824,291,SupraMarginal_R,Vermis_10
5344,64,65,65,66,0.0008693550040249935,0.0008693550040249935,0.0008693550040249935,5563,Angular_L,Angular_R
5345,64,66,65,67,-0.06904182045706567,0.06904182045706567,0.06904182045706567,1931,Angular_L,Precuneus_L
5346,64,67,65,68,-0.18311752833214084,0.18311752833214084,0.18311752833214084,391,Angular_L,Precuneus_R
5347,64,68,65,69,-0.19210283811642934,0.19210283811642934,0.19210283811642934,344,Angular_L,Paracentral_Lobule_L
5348,64,69,65,70,0.10724695189503738,0.10724695189503738,0.10724695189503738,1122,Angular_L,Paracentral_Lobule_R
5349,64,70,65,71,-0.41687295617479286,0.41687295617479286,0.41687295617479286,24,Angular_L,Caudate_L
5350,64,71,65,72,-0.4170852182030269,0.4170852182030269,0.4170852182030269,23,Angular_L,Caudate_R
5351,64,72,65,73,-0.3898470083492759,0.3898470083492759,0.3898470083492759,28,Angular_L,Putamen_L
5352,64,73,65,74,-0.09437024822067848,0.09437024822067848,0.09437024822067848,1352,Angular_L,Putamen_R
5353,64,74,65,75,0.17196177707078952,0.17196177707078952,0.17196177707078952,461,Angular_L,Pallidum_L
5354,64,75,65,76,-0.011392700092868536,0.011392700092868536,0.011392700092868536,4765,Angular_L,Pallidum_R
5355,64,76,65,77,0.5747053584635526,0.5747053584635526,0.5747053584635526,5,Angular_L,Thalamus_L
5356,64,77,65,78,0.17498733854824303,0.17498733854824303,0.17498733854824303,440,Angular_L,Thalamus_R
5357,64,78,65,79,0.1488870114853992,0.1488870114853992,0.1488870114853992,630,Angular_L,Heschl_L
5358,64,79,65,80,0.18067341336536547,0.18067341336536547,0.18067341336536547,400,Angular_L,Heschl_R
5359,64,80,65,81,0.12629134220845345,0.12629134220845345,0.12629134220845345,862,Angular_L,Temporal_Sup_L
5360,64,81,65,82,0.2807123597490488,0.2807123597490488,0.2807123597490488,100,Angular_L,Temporal_Sup_R
5361,64,82,65,83,0.0789181788207988,0.0789181788207988,0.0789181788207988,1678,Angular_L,Temporal_Pole_Sup_L
5362,64,83,65,84,0.018202689317128484,0.018202689317128484,0.018202689317128484,4267,Angular_L,Temporal_Pole_Sup_R
5363,64,84,65,85,0.2900523341352984,0.2900523341352984,0.2900523341352984,86,Angular_L,Temporal_Mid_L
5364,64,85,65,86,0.32956135054532776,0.32956135054532776,0.32956135054532776,47,Angular_L,Temporal_Mid_R
5365,64,86,65,87,-0.1958042927671256,0.1958042927671256,0.1958042927671256,321,Angular_L,Temporal_Pole_Mid_L
5366,64,87,65,88,0.20730597557774275,0.20730597557774275,0.20730597557774275,282,Angular_L,Temporal_Pole_Mid_R
5367,64,88,65,89,-0.13886185696291814,0.13886185696291814,0.13886185696291814,741,Angular_L,Temporal_Inf_L
5368,64,89,65,90,0.05654373077501104,0.05654373077501104,0.05654373077501104,2347,Angular_L,Temporal_Inf_R
5369,64,90,65,91,-0.2847259130068007,0.2847259130068007,0.2847259130068007,96,Angular_L,Cerebelum_Crus1_L
5370,64,91,65,92,0.08748312016772392,0.08748312016772392,0.08748312016772392,1491,Angular_L,Cerebelum_Crus1_R
5371,64,92,65,93,-0.12482035827673793,0.12482035827673793,0.12482035827673793,880,Angular_L,Cerebelum_Crus2_L
5372,64,93,65,94,-0.24465859892049374,0.24465859892049374,0.24465859892049374,168,Angular_L,Cerebelum_Crus2_R
5373,64,94,65,95,0.1994039187553432,0.1994039187553432,0.1994039187553432,304,Angular_L,Cerebelum_3_L
5374,64,95,65,96,0.1216909089194847,0.1216909089194847,0.1216909089194847,916,Angular_L,Cerebelum_3_R
5375,64,96,65,97,0.15380582438633372,0.15380582438633372,0.15380582438633372,583,Angular_L,Cerebelum_4_5_L
5376,64,97,65,98,-0.012124517521414179,0.012124517521414179,0.012124517521414179,4704,Angular_L,Cerebelum_4_5_R
5377,64,98,65,99,0.13935804899313603,0.13935804899313603,0.13935804899313603,736,Angular_L,Cerebelum_6_L
5378,64,99,65,100,-0.2507626587033207,0.2507626587033207,0.2507626587033207,152,Angular_L,Cerebelum_6_R
5379,64,100,65,101,0.09923524982746108,0.09923524982746108,0.09923524982746108,1260,Angular_L,Cerebelum_7b_L
5380,64,101,65,102,-0.08372929951228715,0.08372929951228715,0.08372929951228715,1568,Angular_L,Cerebelum_7b_R
5381,64,102,65,103,0.20508336368556512,0.20508336368556512,0.20508336368556512,287,Angular_L,Cerebelum_8_L
5382,64,103,65,104,0.1566551401167732,0.1566551401167732,0.1566551401167732,556,Angular_L,Cerebelum_8_R
5383,64,104,65,105,0.035517252626055554,0.035517252626055554,0.035517252626055554,3221,Angular_L,Cerebelum_9_L
5384,64,105,65,106,-0.04189087330976626,0.04189087330976626,0.04189087330976626,2919,Angular_L,Cerebelum_9_R
5385,64,106,65,107,-0.14541997134344004,0.14541997134344004,0.14541997134344004,670,Angular_L,Cerebelum_10_L
5386,64,107,65,108,0.1192572880642277,0.1192572880642277,0.1192572880642277,952,Angular_L,Cerebelum_10_R
5387,64,108,65,109,0.060725293529669135,0.060725293529669135,0.060725293529669135,2212,Angular_L,Vermis_1_2
5388,64,109,65,110,0.10341492009655152,0.10341492009655152,0.10341492009655152,1185,Angular_L,Vermis_3
5389,64,110,65,111,0.11269971382119444,0.11269971382119444,0.11269971382119444,1046,Angular_L,Vermis_4_5
5390,64,111,65,112,0.11996136889575684,0.11996136889575684,0.11996136889575684,939,Angular_L,Vermis_6
5391,64,112,65,113,0.05344832315206429,0.05344832315206429,0.05344832315206429,2447,Angular_L,Vermis_7
5392,64,113,65,114,-0.09376280828079611,0.09376280828079611,0.09376280828079611,1368,Angular_L,Vermis_8
5393,64,114,65,115,-0.010788124618741096,0.010788124618741096,0.010788124618741096,4796,Angular_L,Vermis_9
5394,64,115,65,116,0.054378980755777837,0.054378980755777837,0.054378980755777837,2420,Angular_L,Vermis_10
5395,65,66,66,67,0.0009273678971402447,0.0009273678971402447,0.0009273678971402447,5511,Angular_R,Precuneus_L
5396,65,67,66,68,0.0008896931007367116,0.0008896931007367116,0.0008896931007367116,5518,Angular_R,Precuneus_R
5397,65,68,66,69,0.0008684530173583063,0.0008684530173583063,0.0008684530173583063,5569,Angular_R,Paracentral_Lobule_L
5398,65,69,66,70,0.0008834672638223693,0.0008834672638223693,0.0008834672638223693,5527,Angular_R,Paracentral_Lobule_R
5399,65,70,66,71,0.0008690812248335166,0.0008690812248335166,0.0008690812248335166,5565,Angular_R,Caudate_L
5400,65,71,66,72,0.0008516091353869966,0.0008516091353869966,0.0008516091353869966,5602,Angular_R,Caudate_R
5401,65,72,66,73,0.0008648619963510973,0.0008648619963510973,0.0008648619963510973,5578,Angular_R,Putamen_L
5402,65,73,66,74,0.0008725775242108556,0.0008725775242108556,0.0008725775242108556,5550,Angular_R,Putamen_R
5403,65,74,66,75,0.0008700212377872117,0.0008700212377872117,0.0008700212377872117,5561,Angular_R,Pallidum_L
5404,65,75,66,76,0.0008622397555119288,0.0008622397555119288,0.0008622397555119288,5583,Angular_R,Pallidum_R
5405,65,76,66,77,0.0008734791164285383,0.0008734791164285383,0.0008734791164285383,5546,Angular_R,Thalamus_L
5406,65,77,66,78,0.0008495664081805545,0.0008495664081805545,0.0008495664081805545,5609,Angular_R,Thalamus_R
5407,65,78,66,79,0.0008732052379089088,0.0008732052379089088,0.0008732052379089088,5547,Angular_R,Heschl_L
5408,65,79,66,80,0.000871534872877877,0.000871534872877877,0.000871534872877877,5554,Angular_R,Heschl_R
5409,65,80,66,81,0.000871634484020404,0.000871634484020404,0.000871634484020404,5553,Angular_R,Temporal_Sup_L
5410,65,81,66,82,0.0008627024492674497,0.0008627024492674497,0.0008627024492674497,5582,Angular_R,Temporal_Sup_R
5411,65,82,66,83,0.0008715168379644402,0.0008715168379644402,0.0008715168379644402,5555,Angular_R,Temporal_Pole_Sup_L
5412,65,83,66,84,0.0008688912486930514,0.0008688912486930514,0.0008688912486930514,5566,Angular_R,Temporal_Pole_Sup_R
5413,65,84,66,85,0.0008952459891047539,0.0008952459891047539,0.0008952459891047539,5512,Angular_R,Temporal_Mid_L
5414,65,85,66,86,0.0008590774822624787,0.0008590774822624787,0.0008590774822624787,5590,Angular_R,Temporal_Mid_R
5415,65,86,66,87,0.0008544396714124353,0.0008544396714124353,0.0008544396714124353,5598,Angular_R,Temporal_Pole_Mid_L
5416,65,87,66,88,0.0008737048986083869,0.0008737048986083869,0.0008737048986083869,5545,Angular_R,Temporal_Pole_Mid_R
5417,65,88,66,89,0.0008577100168464826,0.0008577100168464826,0.0008577100168464826,5593,Angular_R,Temporal_Inf_L
5418,65,89,66,90,0.0008579692428399687,0.0008579692428399687,0.0008579692428399687,5592,Angular_R,Temporal_Inf_R
5419,65,90,66,91,0.0008414347659640076,0.0008414347659640076,0.0008414347659640076,5619,Angular_R,Cerebelum_Crus1_L
5420,65,91,66,92,0.0008656283994558116,0.0008656283994558116,0.0008656283994558116,5575,Angular_R,Cerebelum_Crus1_R
5421,65,92,66,93,0.0008493559708806871,0.0008493559708806871,0.0008493559708806871,5610,Angular_R,Cerebelum_Crus2_L
5422,65,93,66,94,0.0008531378104987498,0.0008531378104987498,0.0008531378104987498,5601,Angular_R,Cerebelum_Crus2_R
5423,65,94,66,95,0.000894609394399633,0.000894609394399633,0.000894609394399633,5513,Angular_R,Cerebelum_3_L
5424,65,95,66,96,0.0008817043294813926,0.0008817043294813926,0.0008817043294813926,5529,Angular_R,Cerebelum_3_R
5425,65,96,66,97,0.0008847831835346269,0.0008847831835346269,0.0008847831835346269,5525,Angular_R,Cerebelum_4_5_L
5426,65,97,66,98,0.0008737691752536644,0.0008737691752536644,0.0008737691752536644,5544,Angular_R,Cerebelum_4_5_R
5427,65,98,66,99,0.0008684715878991414,0.0008684715878991414,0.0008684715878991414,5568,Angular_R,Cerebelum_6_L
5428,65,99,66,100,0.0008585857942324507,0.0008585857942324507,0.0008585857942324507,5591,Angular_R,Cerebelum_6_R
5429,65,100,66,101,0.0008722372540233283,0.0008722372540233283,0.0008722372540233283,5552,Angular_R,Cerebelum_7b_L
5430,65,101,66,102,0.0008724410819415129,0.0008724410819415129,0.0008724410819415129,5551,Angular_R,Cerebelum_7b_R
5431,65,102,66,103,0.0008565379126270064,0.0008565379126270064,0.0008565379126270064,5594,Angular_R,Cerebelum_8_L
5432,65,103,66,104,0.0008696900296445472,0.0008696900296445472,0.0008696900296445472,5562,Angular_R,Cerebelum_8_R
5433,65,104,66,105,0.0008616662059155023,0.0008616662059155023,0.0008616662059155023,5586,Angular_R,Cerebelum_9_L
5434,65,105,66,106,0.0008619715130546118,0.0008619715130546118,0.0008619715130546118,5585,Angular_R,Cerebelum_9_R
5435,65,106,66,107,0.000840802019236768,0.000840802019236768,0.000840802019236768,5621,Angular_R,Cerebelum_10_L
5436,65,107,66,108,0.0008847597446156743,0.0008847597446156743,0.0008847597446156743,5526,Angular_R,Cerebelum_10_R
5437,65,108,66,109,0.0008546783331051858,0.0008546783331051858,0.0008546783331051858,5597,Angular_R,Vermis_1_2
5438,65,109,66,110,0.000872837191062534,0.000872837191062534,0.000872837191062534,5549,Angular_R,Vermis_3
5439,65,110,66,111,0.0008902881253466182,0.0008902881253466182,0.0008902881253466182,5517,Angular_R,Vermis_4_5
5440,65,111,66,112,0.0008643095586256919,0.0008643095586256919,0.0008643095586256919,5580,Angular_R,Vermis_6
5441,65,112,66,113,0.0008691681659678592,0.0008691681659678592,0.0008691681659678592,5564,Angular_R,Vermis_7
5442,65,113,66,114,0.000845977755211704,0.000845977755211704,0.000845977755211704,5614,Angular_R,Vermis_8
5443,65,114,66,115,0.0008503374625227543,0.0008503374625227543,0.0008503374625227543,5606,Angular_R,Vermis_9
5444,65,115,66,116,0.0008507398694099772,0.0008507398694099772,0.0008507398694099772,5604,Angular_R,Vermis_10
5445,66,67,67,68,0.13592337632817855,0.13592337632817855,0.13592337632817855,765,Precuneus_L,Precuneus_R
5446,66,68,67,69,-0.12851545004353537,0.12851545004353537,0.12851545004353537,839,Precuneus_L,Paracentral_Lobule_L
5447,66,69,67,70,-0.058137189586673424,0.058137189586673424,0.058137189586673424,2290,Precuneus_L,Paracentral_Lobule_R
5448,66,70,67,71,-0.1309808822230797,0.1309808822230797,0.1309808822230797,811,Precuneus_L,Caudate_L
5449,66,71,67,72,-0.003204437036472387,0.003204437036472387,0.003204437036472387,5339,Precuneus_L,Caudate_R
5450,66,72,67,73,0.02792400581836017,0.02792400581836017,0.02792400581836017,3677,Precuneus_L,Putamen_L
5451,66,73,67,74,0.06643418302166905,0.06643418302166905,0.06643418302166905,2021,Precuneus_L,Putamen_R
5452,66,74,67,75,0.07637782664800852,0.07637782664800852,0.07637782664800852,1749,Precuneus_L,Pallidum_L
5453,66,75,67,76,0.058248850557789986,0.058248850557789986,0.058248850557789986,2285,Precuneus_L,Pallidum_R
5454,66,76,67,77,0.06513771159734212,0.06513771159734212,0.06513771159734212,2056,Precuneus_L,Thalamus_L
5455,66,77,67,78,0.18806982834961533,0.18806982834961533,0.18806982834961533,374,Precuneus_L,Thalamus_R
5456,66,78,67,79,0.037978003070974146,0.037978003070974146,0.037978003070974146,3117,Precuneus_L,Heschl_L
5457,66,79,67,80,0.08180779674303443,0.08180779674303443,0.08180779674303443,1614,Precuneus_L,Heschl_R
5458,66,80,67,81,0.03662716242324536,0.03662716242324536,0.03662716242324536,3175,Precuneus_L,Temporal_Sup_L
5459,66,81,67,82,0.0014375834675514905,0.0014375834675514905,0.0014375834675514905,5473,Precuneus_L,Temporal_Sup_R
5460,66,82,67,83,-0.006541554958745185,0.006541554958745185,0.006541554958745185,5084,Precuneus_L,Temporal_Pole_Sup_L
5461,66,83,67,84,0.03989731669923924,0.03989731669923924,0.03989731669923924,3036,Precuneus_L,Temporal_Pole_Sup_R
5462,66,84,67,85,-0.0209932159005253,0.0209932159005253,0.0209932159005253,4111,Precuneus_L,Temporal_Mid_L
5463,66,85,67,86,0.08693687532989475,0.08693687532989475,0.08693687532989475,1504,Precuneus_L,Temporal_Mid_R
5464,66,86,67,87,0.008482564025722089,0.008482564025722089,0.008482564025722089,4951,Precuneus_L,Temporal_Pole_Mid_L
5465,66,87,67,88,-0.0403147850450139,0.0403147850450139,0.0403147850450139,3017,Precuneus_L,Temporal_Pole_Mid_R
5466,66,88,67,89,-0.019090693284454324,0.019090693284454324,0.019090693284454324,4220,Precuneus_L,Temporal_Inf_L
5467,66,89,67,90,0.020224631297083986,0.020224631297083986,0.020224631297083986,4153,Precuneus_L,Temporal_Inf_R
5468,66,90,67,91,-0.0787309983501032,0.0787309983501032,0.0787309983501032,1684,Precuneus_L,Cerebelum_Crus1_L
5469,66,91,67,92,-0.07968938124902555,0.07968938124902555,0.07968938124902555,1662,Precuneus_L,Cerebelum_Crus1_R
5470,66,92,67,93,0.037228456356960496,0.037228456356960496,0.037228456356960496,3149,Precuneus_L,Cerebelum_Crus2_L
5471,66,93,67,94,-0.10355262453760442,0.10355262453760442,0.10355262453760442,1182,Precuneus_L,Cerebelum_Crus2_R
5472,66,94,67,95,0.033166133330718904,0.033166133330718904,0.033166133330718904,3364,Precuneus_L,Cerebelum_3_L
5473,66,95,67,96,0.06053965491940447,0.06053965491940447,0.06053965491940447,2216,Precuneus_L,Cerebelum_3_R
5474,66,96,67,97,-0.02280616546973589,0.02280616546973589,0.02280616546973589,3994,Precuneus_L,Cerebelum_4_5_L
5475,66,97,67,98,0.004435816709496224,0.004435816709496224,0.004435816709496224,5238,Precuneus_L,Cerebelum_4_5_R
5476,66,98,67,99,0.046995106425072763,0.046995106425072763,0.046995106425072763,2706,Precuneus_L,Cerebelum_6_L
5477,66,99,67,100,-0.10738997190813938,0.10738997190813938,0.10738997190813938,1119,Precuneus_L,Cerebelum_6_R
5478,66,100,67,101,0.08497014802399769,0.08497014802399769,0.08497014802399769,1545,Precuneus_L,Cerebelum_7b_L
5479,66,101,67,102,-0.09501372019427007,0.09501372019427007,0.09501372019427007,1340,Precuneus_L,Cerebelum_7b_R
5480,66,102,67,103,0.013898637326851855,0.013898637326851855,0.013898637326851855,4561,Precuneus_L,Cerebelum_8_L
5481,66,103,67,104,0.011520530593474904,0.011520530593474904,0.011520530593474904,4752,Precuneus_L,Cerebelum_8_R
5482,66,104,67,105,0.10041060182498286,0.10041060182498286,0.10041060182498286,1237,Precuneus_L,Cerebelum_9_L
5483,66,105,67,106,0.07529319514647548,0.07529319514647548,0.07529319514647548,1775,Precuneus_L,Cerebelum_9_R
5484,66,106,67,107,-0.00297940487007232,0.00297940487007232,0.00297940487007232,5357,Precuneus_L,Cerebelum_10_L
5485,66,107,67,108,0.0997056201867962,0.0997056201867962,0.0997056201867962,1253,Precuneus_L,Cerebelum_10_R
5486,66,108,67,109,-0.039359749228235846,0.039359749228235846,0.039359749228235846,3061,Precuneus_L,Vermis_1_2
5487,66,109,67,110,0.017556854682900972,0.017556854682900972,0.017556854682900972,4308,Precuneus_L,Vermis_3
5488,66,110,67,111,0.020125511457220767,0.020125511457220767,0.020125511457220767,4160,Precuneus_L,Vermis_4_5
5489,66,111,67,112,0.0048120817333889695,0.0048120817333889695,0.0048120817333889695,5210,Precuneus_L,Vermis_6
5490,66,112,67,113,0.024778659041807767,0.024778659041807767,0.024778659041807767,3857,Precuneus_L,Vermis_7
5491,66,113,67,114,0.013791097183009294,0.013791097183009294,0.013791097183009294,4576,Precuneus_L,Vermis_8
5492,66,114,67,115,0.009756159290498688,0.009756159290498688,0.009756159290498688,4864,Precuneus_L,Vermis_9
5493,66,115,67,116,-0.02736515250175503,0.02736515250175503,0.02736515250175503,3711,Precuneus_L,Vermis_10
5494,67,68,68,69,-0.1161607372264614,0.1161607372264614,0.1161607372264614,992,Precuneus_R,Paracentral_Lobule_L
5495,67,69,68,70,-0.05727796035922527,0.05727796035922527,0.05727796035922527,2324,Precuneus_R,Paracentral_Lobule_R
5496,67,70,68,71,-0.02954668682269261,0.02954668682269261,0.02954668682269261,3590,Precuneus_R,Caudate_L
5497,67,71,68,72,-0.034104613568692946,0.034104613568692946,0.034104613568692946,3304,Precuneus_R,Caudate_R
5498,67,72,68,73,0.07379830190599614,0.07379830190599614,0.07379830190599614,1807,Precuneus_R,Putamen_L
5499,67,73,68,74,0.08029251507115324,0.08029251507115324,0.08029251507115324,1647,Precuneus_R,Putamen_R
5500,67,74,68,75,0.013421784089695066,0.013421784089695066,0.013421784089695066,4604,Precuneus_R,Pallidum_L
5501,67,75,68,76,-0.030761686631762927,0.030761686631762927,0.030761686631762927,3514,Precuneus_R,Pallidum_R
5502,67,76,68,77,0.006883808877824857,0.006883808877824857,0.006883808877824857,5055,Precuneus_R,Thalamus_L
5503,67,77,68,78,-0.02618419656788699,0.02618419656788699,0.02618419656788699,3785,Precuneus_R,Thalamus_R
5504,67,78,68,79,0.030938338163066466,0.030938338163066466,0.030938338163066466,3496,Precuneus_R,Heschl_L
5505,67,79,68,80,0.06927970446092349,0.06927970446092349,0.06927970446092349,1925,Precuneus_R,Heschl_R
5506,67,80,68,81,0.01551462845641285,0.01551462845641285,0.01551462845641285,4450,Precuneus_R,Temporal_Sup_L
5507,67,81,68,82,-0.10556644695973931,0.10556644695973931,0.10556644695973931,1151,Precuneus_R,Temporal_Sup_R
5508,67,82,68,83,-0.018048179942359806,0.018048179942359806,0.018048179942359806,4277,Precuneus_R,Temporal_Pole_Sup_L
5509,67,83,68,84,0.006990265853829617,0.006990265853829617,0.006990265853829617,5050,Precuneus_R,Temporal_Pole_Sup_R
5510,67,84,68,85,-0.10061541904431068,0.10061541904431068,0.10061541904431068,1231,Precuneus_R,Temporal_Mid_L
5511,67,85,68,86,-0.24143226591453354,0.24143226591453354,0.24143226591453354,180,Precuneus_R,Temporal_Mid_R
5512,67,86,68,87,0.03701114249150227,0.03701114249150227,0.03701114249150227,3164,Precuneus_R,Temporal_Pole_Mid_L
5513,67,87,68,88,-0.08389742362325069,0.08389742362325069,0.08389742362325069,1564,Precuneus_R,Temporal_Pole_Mid_R
5514,67,88,68,89,-0.05810105413307858,0.05810105413307858,0.05810105413307858,2292,Precuneus_R,Temporal_Inf_L
5515,67,89,68,90,-0.10875921030513983,0.10875921030513983,0.10875921030513983,1098,Precuneus_R,Temporal_Inf_R
5516,67,90,68,91,-0.14730035333406188,0.14730035333406188,0.14730035333406188,643,Precuneus_R,Cerebelum_Crus1_L
5517,67,91,68,92,-0.014317257712411588,0.014317257712411588,0.014317257712411588,4529,Precuneus_R,Cerebelum_Crus1_R
5518,67,92,68,93,-0.018933741024387617,0.018933741024387617,0.018933741024387617,4228,Precuneus_R,Cerebelum_Crus2_L
5519,67,93,68,94,-0.004180215589748521,0.004180215589748521,0.004180215589748521,5256,Precuneus_R,Cerebelum_Crus2_R
5520,67,94,68,95,0.05258556127517223,0.05258556127517223,0.05258556127517223,2481,Precuneus_R,Cerebelum_3_L
5521,67,95,68,96,0.12605929417466355,0.12605929417466355,0.12605929417466355,864,Precuneus_R,Cerebelum_3_R
5522,67,96,68,97,-0.014383374275697533,0.014383374275697533,0.014383374275697533,4522,Precuneus_R,Cerebelum_4_5_L
5523,67,97,68,98,0.01933888089279651,0.01933888089279651,0.01933888089279651,4205,Precuneus_R,Cerebelum_4_5_R
5524,67,98,68,99,-0.039552886218443196,0.039552886218443196,0.039552886218443196,3047,Precuneus_R,Cerebelum_6_L
5525,67,99,68,100,-0.04362389571049238,0.04362389571049238,0.04362389571049238,2848,Precuneus_R,Cerebelum_6_R
5526,67,100,68,101,-0.01126285740315409,0.01126285740315409,0.01126285740315409,4771,Precuneus_R,Cerebelum_7b_L
5527,67,101,68,102,-0.018946088883607468,0.018946088883607468,0.018946088883607468,4226,Precuneus_R,Cerebelum_7b_R
5528,67,102,68,103,-0.05638267407589545,0.05638267407589545,0.05638267407589545,2356,Precuneus_R,Cerebelum_8_L
5529,67,103,68,104,-0.003266995387452359,0.003266995387452359,0.003266995387452359,5334,Precuneus_R,Cerebelum_8_R
5530,67,104,68,105,0.1052803799028257,0.1052803799028257,0.1052803799028257,1155,Precuneus_R,Cerebelum_9_L
5531,67,105,68,106,0.014192741721935076,0.014192741721935076,0.014192741721935076,4534,Precuneus_R,Cerebelum_9_R
5532,67,106,68,107,-0.039736447258665965,0.039736447258665965,0.039736447258665965,3045,Precuneus_R,Cerebelum_10_L
5533,67,107,68,108,0.1440416249657626,0.1440416249657626,0.1440416249657626,682,Precuneus_R,Cerebelum_10_R
5534,67,108,68,109,-0.06998422199572375,0.06998422199572375,0.06998422199572375,1906,Precuneus_R,Vermis_1_2
5535,67,109,68,110,-0.002011797714256748,0.002011797714256748,0.002011797714256748,5425,Precuneus_R,Vermis_3
5536,67,110,68,111,0.017720596815807205,0.017720596815807205,0.017720596815807205,4293,Precuneus_R,Vermis_4_5
5537,67,111,68,112,0.006312933028672616,0.006312933028672616,0.006312933028672616,5096,Precuneus_R,Vermis_6
5538,67,112,68,113,0.005243946553670887,0.005243946553670887,0.005243946553670887,5177,Precuneus_R,Vermis_7
5539,67,113,68,114,0.009855293513128213,0.009855293513128213,0.009855293513128213,4860,Precuneus_R,Vermis_8
5540,67,114,68,115,0.010235636089483807,0.010235636089483807,0.010235636089483807,4835,Precuneus_R,Vermis_9
5541,67,115,68,116,0.022708822638328206,0.022708822638328206,0.022708822638328206,3999,Precuneus_R,Vermis_10
5542,68,69,69,70,0.02058299143445352,0.02058299143445352,0.02058299143445352,4134,Paracentral_Lobule_L,Paracentral_Lobule_R
5543,68,70,69,71,-0.08779305003816405,0.08779305003816405,0.08779305003816405,1482,Paracentral_Lobule_L,Caudate_L
5544,68,71,69,72,0.0008260296394562258,0.0008260296394562258,0.0008260296394562258,5625,Paracentral_Lobule_L,Caudate_R
5545,68,72,69,73,0.006820812678347943,0.006820812678347943,0.006820812678347943,5058,Paracentral_Lobule_L,Putamen_L
5546,68,73,69,74,0.06783242707845719,0.06783242707845719,0.06783242707845719,1969,Paracentral_Lobule_L,Putamen_R
5547,68,74,69,75,-0.1195443847557914,0.1195443847557914,0.1195443847557914,947,Paracentral_Lobule_L,Pallidum_L
5548,68,75,69,76,-0.0664121526589562,0.0664121526589562,0.0664121526589562,2022,Paracentral_Lobule_L,Pallidum_R
5549,68,76,69,77,-0.21565371393317254,0.21565371393317254,0.21565371393317254,256,Paracentral_Lobule_L,Thalamus_L
5550,68,77,69,78,0.028237569188224593,0.028237569188224593,0.028237569188224593,3651,Paracentral_Lobule_L,Thalamus_R
5551,68,78,69,79,-0.043855409656089854,0.043855409656089854,0.043855409656089854,2834,Paracentral_Lobule_L,Heschl_L
5552,68,79,69,80,0.002251350731783395,0.002251350731783395,0.002251350731783395,5402,Paracentral_Lobule_L,Heschl_R
5553,68,80,69,81,-0.12519839183742137,0.12519839183742137,0.12519839183742137,872,Paracentral_Lobule_L,Temporal_Sup_L
5554,68,81,69,82,-0.039115942317684074,0.039115942317684074,0.039115942317684074,3073,Paracentral_Lobule_L,Temporal_Sup_R
5555,68,82,69,83,-0.1383021501928635,0.1383021501928635,0.1383021501928635,748,Paracentral_Lobule_L,Temporal_Pole_Sup_L
5556,68,83,69,84,-0.06773699001917968,0.06773699001917968,0.06773699001917968,1974,Paracentral_Lobule_L,Temporal_Pole_Sup_R
5557,68,84,69,85,-0.15540105185223888,0.15540105185223888,0.15540105185223888,565,Paracentral_Lobule_L,Temporal_Mid_L
5558,68,85,69,86,-0.2075686848812739,0.2075686848812739,0.2075686848812739,281,Paracentral_Lobule_L,Temporal_Mid_R
5559,68,86,69,87,-0.13151234155939504,0.13151234155939504,0.13151234155939504,805,Paracentral_Lobule_L,Temporal_Pole_Mid_L
5560,68,87,69,88,-0.09989465463097544,0.09989465463097544,0.09989465463097544,1247,Paracentral_Lobule_L,Temporal_Pole_Mid_R
5561,68,88,69,89,-0.19175427434628475,0.19175427434628475,0.19175427434628475,346,Paracentral_Lobule_L,Temporal_Inf_L
5562,68,89,69,90,-0.15697491251386933,0.15697491251386933,0.15697491251386933,552,Paracentral_Lobule_L,Temporal_Inf_R
5563,68,90,69,91,0.022492481219692526,0.022492481219692526,0.022492481219692526,4019,Paracentral_Lobule_L,Cerebelum_Crus1_L
5564,68,91,69,92,-0.06510564913728761,0.06510564913728761,0.06510564913728761,2057,Paracentral_Lobule_L,Cerebelum_Crus1_R
5565,68,92,69,93,-0.04119625514517275,0.04119625514517275,0.04119625514517275,2963,Paracentral_Lobule_L,Cerebelum_Crus2_L
5566,68,93,69,94,0.03783283215413369,0.03783283215413369,0.03783283215413369,3125,Paracentral_Lobule_L,Cerebelum_Crus2_R
5567,68,94,69,95,-0.04686313513111484,0.04686313513111484,0.04686313513111484,2716,Paracentral_Lobule_L,Cerebelum_3_L
5568,68,95,69,96,0.015365612549451381,0.015365612549451381,0.015365612549451381,4456,Paracentral_Lobule_L,Cerebelum_3_R
5569,68,96,69,97,-0.008159636458816972,0.008159636458816972,0.008159636458816972,4980,Paracentral_Lobule_L,Cerebelum_4_5_L
5570,68,97,69,98,0.023347294171156285,0.023347294171156285,0.023347294171156285,3945,Paracentral_Lobule_L,Cerebelum_4_5_R
5571,68,98,69,99,-0.02303972558015219,0.02303972558015219,0.02303972558015219,3973,Paracentral_Lobule_L,Cerebelum_6_L
5572,68,99,69,100,-0.0951895191224844,0.0951895191224844,0.0951895191224844,1333,Paracentral_Lobule_L,Cerebelum_6_R
5573,68,100,69,101,0.08690009801863613,0.08690009801863613,0.08690009801863613,1506,Paracentral_Lobule_L,Cerebelum_7b_L
5574,68,101,69,102,-0.09904661311755843,0.09904661311755843,0.09904661311755843,1267,Paracentral_Lobule_L,Cerebelum_7b_R
5575,68,102,69,103,-0.10869189180025436,0.10869189180025436,0.10869189180025436,1100,Paracentral_Lobule_L,Cerebelum_8_L
5576,68,103,69,104,0.011310925655907581,0.011310925655907581,0.011310925655907581,4767,Paracentral_Lobule_L,Cerebelum_8_R
5577,68,104,69,105,-0.02829669720773583,0.02829669720773583,0.02829669720773583,3644,Paracentral_Lobule_L,Cerebelum_9_L
5578,68,105,69,106,-0.042628207605585486,0.042628207605585486,0.042628207605585486,2887,Paracentral_Lobule_L,Cerebelum_9_R
5579,68,106,69,107,-0.06482575677551493,0.06482575677551493,0.06482575677551493,2064,Paracentral_Lobule_L,Cerebelum_10_L
5580,68,107,69,108,-0.11494839613039039,0.11494839613039039,0.11494839613039039,1008,Paracentral_Lobule_L,Cerebelum_10_R
5581,68,108,69,109,-0.013837896594929275,0.013837896594929275,0.013837896594929275,4566,Paracentral_Lobule_L,Vermis_1_2
5582,68,109,69,110,0.03141950667507427,0.03141950667507427,0.03141950667507427,3464,Paracentral_Lobule_L,Vermis_3
5583,68,110,69,111,-0.027406693502499118,0.027406693502499118,0.027406693502499118,3707,Paracentral_Lobule_L,Vermis_4_5
5584,68,111,69,112,0.02560906212677682,0.02560906212677682,0.02560906212677682,3813,Paracentral_Lobule_L,Vermis_6
5585,68,112,69,113,0.01937824026843798,0.01937824026843798,0.01937824026843798,4201,Paracentral_Lobule_L,Vermis_7
5586,68,113,69,114,0.01265811243102814,0.01265811243102814,0.01265811243102814,4660,Paracentral_Lobule_L,Vermis_8
5587,68,114,69,115,-0.0012228907811974458,0.0012228907811974458,0.0012228907811974458,5491,Paracentral_Lobule_L,Vermis_9
5588,68,115,69,116,-0.03152073736264195,0.03152073736264195,0.03152073736264195,3459,Paracentral_Lobule_L,Vermis_10
5589,69,70,70,71,0.005963490615262161,0.005963490615262161,0.005963490615262161,5121,Paracentral_Lobule_R,Caudate_L
5590,69,71,70,72,0.11228680876551618,0.11228680876551618,0.11228680876551618,1053,Paracentral_Lobule_R,Caudate_R
5591,69,72,70,73,0.0332119845978382,0.0332119845978382,0.0332119845978382,3361,Paracentral_Lobule_R,Putamen_L
5592,69,73,70,74,0.11435324806381922,0.11435324806381922,0.11435324806381922,1016,Paracentral_Lobule_R,Putamen_R
5593,69,74,70,75,0.024351361753613795,0.024351361753613795,0.024351361753613795,3890,Paracentral_Lobule_R,Pallidum_L
5594,69,75,70,76,-0.029662559325752985,0.029662559325752985,0.029662559325752985,3581,Paracentral_Lobule_R,Pallidum_R
5595,69,76,70,77,0.047143484723058994,0.047143484723058994,0.047143484723058994,2693,Paracentral_Lobule_R,Thalamus_L
5596,69,77,70,78,0.12299202343365834,0.12299202343365834,0.12299202343365834,900,Paracentral_Lobule_R,Thalamus_R
5597,69,78,70,79,0.0021076738268626517,0.0021076738268626517,0.0021076738268626517,5413,Paracentral_Lobule_R,Heschl_L
5598,69,79,70,80,0.036927088990639734,0.036927088990639734,0.036927088990639734,3166,Paracentral_Lobule_R,Heschl_R
5599,69,80,70,81,-0.007000213780322781,0.007000213780322781,0.007000213780322781,5049,Paracentral_Lobule_R,Temporal_Sup_L
5600,69,81,70,82,0.08527783436721816,0.08527783436721816,0.08527783436721816,1536,Paracentral_Lobule_R,Temporal_Sup_R
5601,69,82,70,83,-0.024094569949141092,0.024094569949141092,0.024094569949141092,3901,Paracentral_Lobule_R,Temporal_Pole_Sup_L
5602,69,83,70,84,0.080311173697358,0.080311173697358,0.080311173697358,1645,Paracentral_Lobule_R,Temporal_Pole_Sup_R
5603,69,84,70,85,0.013236014292240708,0.013236014292240708,0.013236014292240708,4618,Paracentral_Lobule_R,Temporal_Mid_L
5604,69,85,70,86,0.002950708883649298,0.002950708883649298,0.002950708883649298,5362,Paracentral_Lobule_R,Temporal_Mid_R
5605,69,86,70,87,-0.08918980018460036,0.08918980018460036,0.08918980018460036,1450,Paracentral_Lobule_R,Temporal_Pole_Mid_L
5606,69,87,70,88,0.013886018876492351,0.013886018876492351,0.013886018876492351,4563,Paracentral_Lobule_R,Temporal_Pole_Mid_R
5607,69,88,70,89,-0.11076232153423914,0.11076232153423914,0.11076232153423914,1071,Paracentral_Lobule_R,Temporal_Inf_L
5608,69,89,70,90,-0.0511630076633212,0.0511630076633212,0.0511630076633212,2539,Paracentral_Lobule_R,Temporal_Inf_R
5609,69,90,70,91,0.17559010571337053,0.17559010571337053,0.17559010571337053,434,Paracentral_Lobule_R,Cerebelum_Crus1_L
5610,69,91,70,92,0.1539160958035886,0.1539160958035886,0.1539160958035886,581,Paracentral_Lobule_R,Cerebelum_Crus1_R
5611,69,92,70,93,0.0835068880784616,0.0835068880784616,0.0835068880784616,1575,Paracentral_Lobule_R,Cerebelum_Crus2_L
5612,69,93,70,94,0.08675993053820266,0.08675993053820266,0.08675993053820266,1510,Paracentral_Lobule_R,Cerebelum_Crus2_R
5613,69,94,70,95,0.04323959313361756,0.04323959313361756,0.04323959313361756,2860,Paracentral_Lobule_R,Cerebelum_3_L
5614,69,95,70,96,0.18812242554786515,0.18812242554786515,0.18812242554786515,373,Paracentral_Lobule_R,Cerebelum_3_R
5615,69,96,70,97,0.01333227321351319,0.01333227321351319,0.01333227321351319,4611,Paracentral_Lobule_R,Cerebelum_4_5_L
5616,69,97,70,98,0.07856336867257108,0.07856336867257108,0.07856336867257108,1686,Paracentral_Lobule_R,Cerebelum_4_5_R
5617,69,98,70,99,0.062312387104143864,0.062312387104143864,0.062312387104143864,2148,Paracentral_Lobule_R,Cerebelum_6_L
5618,69,99,70,100,0.04264158691038109,0.04264158691038109,0.04264158691038109,2886,Paracentral_Lobule_R,Cerebelum_6_R
5619,69,100,70,101,0.02437496437277463,0.02437496437277463,0.02437496437277463,3888,Paracentral_Lobule_R,Cerebelum_7b_L
5620,69,101,70,102,-0.07475361277752142,0.07475361277752142,0.07475361277752142,1786,Paracentral_Lobule_R,Cerebelum_7b_R
5621,69,102,70,103,-0.0768818011539037,0.0768818011539037,0.0768818011539037,1734,Paracentral_Lobule_R,Cerebelum_8_L
5622,69,103,70,104,0.057235846447529576,0.057235846447529576,0.057235846447529576,2327,Paracentral_Lobule_R,Cerebelum_8_R
5623,69,104,70,105,0.04455244787238692,0.04455244787238692,0.04455244787238692,2804,Paracentral_Lobule_R,Cerebelum_9_L
5624,69,105,70,106,0.08406257143440705,0.08406257143440705,0.08406257143440705,1558,Paracentral_Lobule_R,Cerebelum_9_R
5625,69,106,70,107,-0.07290406845099219,0.07290406845099219,0.07290406845099219,1826,Paracentral_Lobule_R,Cerebelum_10_L
5626,69,107,70,108,0.006607382216386236,0.006607382216386236,0.006607382216386236,5078,Paracentral_Lobule_R,Cerebelum_10_R
5627,69,108,70,109,0.013213724478120806,0.013213724478120806,0.013213724478120806,4619,Paracentral_Lobule_R,Vermis_1_2
5628,69,109,70,110,0.04235119852726423,0.04235119852726423,0.04235119852726423,2897,Paracentral_Lobule_R,Vermis_3
5629,69,110,70,111,-0.005431390876475742,0.005431390876475742,0.005431390876475742,5161,Paracentral_Lobule_R,Vermis_4_5
5630,69,111,70,112,0.04036551598304697,0.04036551598304697,0.04036551598304697,3012,Paracentral_Lobule_R,Vermis_6
5631,69,112,70,113,0.03603323981288321,0.03603323981288321,0.03603323981288321,3203,Paracentral_Lobule_R,Vermis_7
5632,69,113,70,114,0.003839432181354821,0.003839432181354821,0.003839432181354821,5293,Paracentral_Lobule_R,Vermis_8
5633,69,114,70,115,0.03589658619596996,0.03589658619596996,0.03589658619596996,3207,Paracentral_Lobule_R,Vermis_9
5634,69,115,70,116,-0.006617964320706118,0.006617964320706118,0.006617964320706118,5076,Paracentral_Lobule_R,Vermis_10
5635,70,71,71,72,0.1589564108774259,0.1589564108774259,0.1589564108774259,536,Caudate_L,Caudate_R
5636,70,72,71,73,-0.17409619866404952,0.17409619866404952,0.17409619866404952,446,Caudate_L,Putamen_L
5637,70,73,71,74,-0.13037823793927353,0.13037823793927353,0.13037823793927353,820,Caudate_L,Putamen_R
5638,70,74,71,75,-0.011292132800882957,0.011292132800882957,0.011292132800882957,4768,Caudate_L,Pallidum_L
5639,70,75,71,76,-0.18977258660129703,0.18977258660129703,0.18977258660129703,362,Caudate_L,Pallidum_R
5640,70,76,71,77,-0.004525961608263902,0.004525961608263902,0.004525961608263902,5232,Caudate_L,Thalamus_L
5641,70,77,71,78,0.08851824413938274,0.08851824413938274,0.08851824413938274,1469,Caudate_L,Thalamus_R
5642,70,78,71,79,0.060897805221663256,0.060897805221663256,0.060897805221663256,2204,Caudate_L,Heschl_L
5643,70,79,71,80,0.002793643804275247,0.002793643804275247,0.002793643804275247,5369,Caudate_L,Heschl_R
5644,70,80,71,81,0.04270472526789087,0.04270472526789087,0.04270472526789087,2881,Caudate_L,Temporal_Sup_L
5645,70,81,71,82,-0.09821367118875929,0.09821367118875929,0.09821367118875929,1278,Caudate_L,Temporal_Sup_R
5646,70,82,71,83,0.08687111531768259,0.08687111531768259,0.08687111531768259,1508,Caudate_L,Temporal_Pole_Sup_L
5647,70,83,71,84,0.055387681877069044,0.055387681877069044,0.055387681877069044,2385,Caudate_L,Temporal_Pole_Sup_R
5648,70,84,71,85,-0.034404739334128104,0.034404739334128104,0.034404739334128104,3286,Caudate_L,Temporal_Mid_L
5649,70,85,71,86,-0.1550268402842322,0.1550268402842322,0.1550268402842322,567,Caudate_L,Temporal_Mid_R
5650,70,86,71,87,-0.14494311898257273,0.14494311898257273,0.14494311898257273,672,Caudate_L,Temporal_Pole_Mid_L
5651,70,87,71,88,0.14385471037734332,0.14385471037734332,0.14385471037734332,686,Caudate_L,Temporal_Pole_Mid_R
5652,70,88,71,89,0.13324099449818655,0.13324099449818655,0.13324099449818655,788,Caudate_L,Temporal_Inf_L
5653,70,89,71,90,0.21126602354677806,0.21126602354677806,0.21126602354677806,269,Caudate_L,Temporal_Inf_R
5654,70,90,71,91,-0.1310282434973815,0.1310282434973815,0.1310282434973815,809,Caudate_L,Cerebelum_Crus1_L
5655,70,91,71,92,-0.18864934580143575,0.18864934580143575,0.18864934580143575,371,Caudate_L,Cerebelum_Crus1_R
5656,70,92,71,93,-0.05829096502142797,0.05829096502142797,0.05829096502142797,2283,Caudate_L,Cerebelum_Crus2_L
5657,70,93,71,94,-0.19371966425685888,0.19371966425685888,0.19371966425685888,334,Caudate_L,Cerebelum_Crus2_R
5658,70,94,71,95,-0.1842874163127417,0.1842874163127417,0.1842874163127417,387,Caudate_L,Cerebelum_3_L
5659,70,95,71,96,-0.17742290484438952,0.17742290484438952,0.17742290484438952,424,Caudate_L,Cerebelum_3_R
5660,70,96,71,97,-0.17127155563701538,0.17127155563701538,0.17127155563701538,465,Caudate_L,Cerebelum_4_5_L
5661,70,97,71,98,-0.004944862384632308,0.004944862384632308,0.004944862384632308,5200,Caudate_L,Cerebelum_4_5_R
5662,70,98,71,99,-0.14727438095958953,0.14727438095958953,0.14727438095958953,644,Caudate_L,Cerebelum_6_L
5663,70,99,71,100,-0.25436094130524367,0.25436094130524367,0.25436094130524367,140,Caudate_L,Cerebelum_6_R
5664,70,100,71,101,0.09621838943701043,0.09621838943701043,0.09621838943701043,1313,Caudate_L,Cerebelum_7b_L
5665,70,101,71,102,-0.038472211037330194,0.038472211037330194,0.038472211037330194,3098,Caudate_L,Cerebelum_7b_R
5666,70,102,71,103,-0.021005631550963286,0.021005631550963286,0.021005631550963286,4110,Caudate_L,Cerebelum_8_L
5667,70,103,71,104,-0.10438960101223503,0.10438960101223503,0.10438960101223503,1168,Caudate_L,Cerebelum_8_R
5668,70,104,71,105,-0.015299967363855931,0.015299967363855931,0.015299967363855931,4461,Caudate_L,Cerebelum_9_L
5669,70,105,71,106,-0.10627297333538781,0.10627297333538781,0.10627297333538781,1139,Caudate_L,Cerebelum_9_R
5670,70,106,71,107,-0.17275267603653638,0.17275267603653638,0.17275267603653638,454,Caudate_L,Cerebelum_10_L
5671,70,107,71,108,-0.054790525011760266,0.054790525011760266,0.054790525011760266,2409,Caudate_L,Cerebelum_10_R
5672,70,108,71,109,-0.051646896319718506,0.051646896319718506,0.051646896319718506,2519,Caudate_L,Vermis_1_2
5673,70,109,71,110,-0.07179652597350156,0.07179652597350156,0.07179652597350156,1856,Caudate_L,Vermis_3
5674,70,110,71,111,-0.012964268713130117,0.012964268713130117,0.012964268713130117,4635,Caudate_L,Vermis_4_5
5675,70,111,71,112,-0.0608849391517187,0.0608849391517187,0.0608849391517187,2206,Caudate_L,Vermis_6
5676,70,112,71,113,-0.015840065593640235,0.015840065593640235,0.015840065593640235,4428,Caudate_L,Vermis_7
5677,70,113,71,114,-0.1527023356553089,0.1527023356553089,0.1527023356553089,599,Caudate_L,Vermis_8
5678,70,114,71,115,-0.016256840142305336,0.016256840142305336,0.016256840142305336,4395,Caudate_L,Vermis_9
5679,70,115,71,116,0.04743103185616862,0.04743103185616862,0.04743103185616862,2684,Caudate_L,Vermis_10
5680,71,72,72,73,-0.0474638404173772,0.0474638404173772,0.0474638404173772,2682,Caudate_R,Putamen_L
5681,71,73,72,74,0.07998767447499978,0.07998767447499978,0.07998767447499978,1658,Caudate_R,Putamen_R
5682,71,74,72,75,0.1439880360371795,0.1439880360371795,0.1439880360371795,684,Caudate_R,Pallidum_L
5683,71,75,72,76,-0.1441252224358618,0.1441252224358618,0.1441252224358618,681,Caudate_R,Pallidum_R
5684,71,76,72,77,0.13871912140063858,0.13871912140063858,0.13871912140063858,743,Caudate_R,Thalamus_L
5685,71,77,72,78,-0.02796680665535548,0.02796680665535548,0.02796680665535548,3673,Caudate_R,Thalamus_R
5686,71,78,72,79,0.24238953337279764,0.24238953337279764,0.24238953337279764,173,Caudate_R,Heschl_L
5687,71,79,72,80,0.033700123382563084,0.033700123382563084,0.033700123382563084,3326,Caudate_R,Heschl_R
5688,71,80,72,81,0.27084036184867505,0.27084036184867505,0.27084036184867505,112,Caudate_R,Temporal_Sup_L
5689,71,81,72,82,0.08428298336263683,0.08428298336263683,0.08428298336263683,1554,Caudate_R,Temporal_Sup_R
5690,71,82,72,83,0.084739050206517,0.084739050206517,0.084739050206517,1549,Caudate_R,Temporal_Pole_Sup_L
5691,71,83,72,84,-0.022698605788630952,0.022698605788630952,0.022698605788630952,4000,Caudate_R,Temporal_Pole_Sup_R
5692,71,84,72,85,-0.004613751725903752,0.004613751725903752,0.004613751725903752,5226,Caudate_R,Temporal_Mid_L
5693,71,85,72,86,-0.23648719512624866,0.23648719512624866,0.23648719512624866,195,Caudate_R,Temporal_Mid_R
5694,71,86,72,87,-0.2195606506714808,0.2195606506714808,0.2195606506714808,245,Caudate_R,Temporal_Pole_Mid_L
5695,71,87,72,88,-0.1977034108344381,0.1977034108344381,0.1977034108344381,311,Caudate_R,Temporal_Pole_Mid_R
5696,71,88,72,89,0.10602478062644019,0.10602478062644019,0.10602478062644019,1144,Caudate_R,Temporal_Inf_L
5697,71,89,72,90,0.18958952531196133,0.18958952531196133,0.18958952531196133,364,Caudate_R,Temporal_Inf_R
5698,71,90,72,91,-0.10467333230527794,0.10467333230527794,0.10467333230527794,1161,Caudate_R,Cerebelum_Crus1_L
5699,71,91,72,92,-0.15203928896245314,0.15203928896245314,0.15203928896245314,603,Caudate_R,Cerebelum_Crus1_R
5700,71,92,72,93,-0.014415031390882486,0.014415031390882486,0.014415031390882486,4519,Caudate_R,Cerebelum_Crus2_L
5701,71,93,72,94,-0.11986093071706135,0.11986093071706135,0.11986093071706135,941,Caudate_R,Cerebelum_Crus2_R
5702,71,94,72,95,0.134399556507341,0.134399556507341,0.134399556507341,777,Caudate_R,Cerebelum_3_L
5703,71,95,72,96,-0.12086674632184839,0.12086674632184839,0.12086674632184839,926,Caudate_R,Cerebelum_3_R
5704,71,96,72,97,0.06684265549130042,0.06684265549130042,0.06684265549130042,2005,Caudate_R,Cerebelum_4_5_L
5705,71,97,72,98,0.012710000942555644,0.012710000942555644,0.012710000942555644,4654,Caudate_R,Cerebelum_4_5_R
5706,71,98,72,99,-0.020528625618735533,0.020528625618735533,0.020528625618735533,4138,Caudate_R,Cerebelum_6_L
5707,71,99,72,100,0.061039533316407206,0.061039533316407206,0.061039533316407206,2198,Caudate_R,Cerebelum_6_R
5708,71,100,72,101,-0.01376853002739006,0.01376853002739006,0.01376853002739006,4579,Caudate_R,Cerebelum_7b_L
5709,71,101,72,102,0.06802047897069075,0.06802047897069075,0.06802047897069075,1958,Caudate_R,Cerebelum_7b_R
5710,71,102,72,103,0.01118619777957845,0.01118619777957845,0.01118619777957845,4775,Caudate_R,Cerebelum_8_L
5711,71,103,72,104,-0.020263422408794814,0.020263422408794814,0.020263422408794814,4150,Caudate_R,Cerebelum_8_R
5712,71,104,72,105,0.039749662832179504,0.039749662832179504,0.039749662832179504,3044,Caudate_R,Cerebelum_9_L
5713,71,105,72,106,-0.125654621424023,0.125654621424023,0.125654621424023,867,Caudate_R,Cerebelum_9_R
5714,71,106,72,107,-0.022128254546131418,0.022128254546131418,0.022128254546131418,4040,Caudate_R,Cerebelum_10_L
5715,71,107,72,108,0.06097034927697018,0.06097034927697018,0.06097034927697018,2201,Caudate_R,Cerebelum_10_R
5716,71,108,72,109,-0.05549310215783116,0.05549310215783116,0.05549310215783116,2381,Caudate_R,Vermis_1_2
5717,71,109,72,110,0.018796236500123173,0.018796236500123173,0.018796236500123173,4238,Caudate_R,Vermis_3
5718,71,110,72,111,0.04646290564383089,0.04646290564383089,0.04646290564383089,2731,Caudate_R,Vermis_4_5
5719,71,111,72,112,0.03814315086358072,0.03814315086358072,0.03814315086358072,3111,Caudate_R,Vermis_6
5720,71,112,72,113,0.04125102460454399,0.04125102460454399,0.04125102460454399,2957,Caudate_R,Vermis_7
5721,71,113,72,114,-0.07453791499146198,0.07453791499146198,0.07453791499146198,1792,Caudate_R,Vermis_8
5722,71,114,72,115,0.04273384938805391,0.04273384938805391,0.04273384938805391,2879,Caudate_R,Vermis_9
5723,71,115,72,116,0.0485597840294955,0.0485597840294955,0.0485597840294955,2643,Caudate_R,Vermis_10
5724,72,73,73,74,0.19272581168749459,0.19272581168749459,0.19272581168749459,339,Putamen_L,Putamen_R
5725,72,74,73,75,0.01267406059395174,0.01267406059395174,0.01267406059395174,4657,Putamen_L,Pallidum_L
5726,72,75,73,76,-0.07332896928957755,0.07332896928957755,0.07332896928957755,1816,Putamen_L,Pallidum_R
5727,72,76,73,77,-0.07077296018585828,0.07077296018585828,0.07077296018585828,1885,Putamen_L,Thalamus_L
5728,72,77,73,78,-0.053219541290031105,0.053219541290031105,0.053219541290031105,2460,Putamen_L,Thalamus_R
5729,72,78,73,79,0.12332069803478847,0.12332069803478847,0.12332069803478847,894,Putamen_L,Heschl_L
5730,72,79,73,80,-0.03503471134853935,0.03503471134853935,0.03503471134853935,3250,Putamen_L,Heschl_R
5731,72,80,73,81,-0.046842132810845226,0.046842132810845226,0.046842132810845226,2720,Putamen_L,Temporal_Sup_L
5732,72,81,73,82,-0.023837833869848352,0.023837833869848352,0.023837833869848352,3916,Putamen_L,Temporal_Sup_R
5733,72,82,73,83,-0.11318980368095564,0.11318980368095564,0.11318980368095564,1035,Putamen_L,Temporal_Pole_Sup_L
5734,72,83,73,84,-0.13966456660929877,0.13966456660929877,0.13966456660929877,732,Putamen_L,Temporal_Pole_Sup_R
5735,72,84,73,85,-0.1293464321384977,0.1293464321384977,0.1293464321384977,831,Putamen_L,Temporal_Mid_L
5736,72,85,73,86,-0.06203751910232895,0.06203751910232895,0.06203751910232895,2154,Putamen_L,Temporal_Mid_R
5737,72,86,73,87,-0.15561546205582627,0.15561546205582627,0.15561546205582627,562,Putamen_L,Temporal_Pole_Mid_L
5738,72,87,73,88,-0.06170743954032739,0.06170743954032739,0.06170743954032739,2168,Putamen_L,Temporal_Pole_Mid_R
5739,72,88,73,89,-0.12539596640130846,0.12539596640130846,0.12539596640130846,870,Putamen_L,Temporal_Inf_L
5740,72,89,73,90,0.15154207543690917,0.15154207543690917,0.15154207543690917,611,Putamen_L,Temporal_Inf_R
5741,72,90,73,91,0.12204949117380896,0.12204949117380896,0.12204949117380896,910,Putamen_L,Cerebelum_Crus1_L
5742,72,91,73,92,-0.15075479962429136,0.15075479962429136,0.15075479962429136,617,Putamen_L,Cerebelum_Crus1_R
5743,72,92,73,93,0.09687294111919166,0.09687294111919166,0.09687294111919166,1302,Putamen_L,Cerebelum_Crus2_L
5744,72,93,73,94,-0.2586743174372414,0.2586743174372414,0.2586743174372414,130,Putamen_L,Cerebelum_Crus2_R
5745,72,94,73,95,0.02136461734451759,0.02136461734451759,0.02136461734451759,4092,Putamen_L,Cerebelum_3_L
5746,72,95,73,96,-0.3013218713948337,0.3013218713948337,0.3013218713948337,75,Putamen_L,Cerebelum_3_R
5747,72,96,73,97,0.03629937079180896,0.03629937079180896,0.03629937079180896,3188,Putamen_L,Cerebelum_4_5_L
5748,72,97,73,98,0.025096850527709567,0.025096850527709567,0.025096850527709567,3847,Putamen_L,Cerebelum_4_5_R
5749,72,98,73,99,0.19790592956000477,0.19790592956000477,0.19790592956000477,307,Putamen_L,Cerebelum_6_L
5750,72,99,73,100,-0.02101282878283163,0.02101282878283163,0.02101282878283163,4107,Putamen_L,Cerebelum_6_R
5751,72,100,73,101,0.05002579277346611,0.05002579277346611,0.05002579277346611,2594,Putamen_L,Cerebelum_7b_L
5752,72,101,73,102,-0.07099856203455494,0.07099856203455494,0.07099856203455494,1876,Putamen_L,Cerebelum_7b_R
5753,72,102,73,103,0.195626440665469,0.195626440665469,0.195626440665469,324,Putamen_L,Cerebelum_8_L
5754,72,103,73,104,0.036168005362546087,0.036168005362546087,0.036168005362546087,3197,Putamen_L,Cerebelum_8_R
5755,72,104,73,105,0.011742139199675365,0.011742139199675365,0.011742139199675365,4730,Putamen_L,Cerebelum_9_L
5756,72,105,73,106,-0.028786844435895333,0.028786844435895333,0.028786844435895333,3622,Putamen_L,Cerebelum_9_R
5757,72,106,73,107,-0.11258789013454912,0.11258789013454912,0.11258789013454912,1047,Putamen_L,Cerebelum_10_L
5758,72,107,73,108,0.2614363263076131,0.2614363263076131,0.2614363263076131,125,Putamen_L,Cerebelum_10_R
5759,72,108,73,109,0.17286974829635635,0.17286974829635635,0.17286974829635635,453,Putamen_L,Vermis_1_2
5760,72,109,73,110,0.0171333663399215,0.0171333663399215,0.0171333663399215,4326,Putamen_L,Vermis_3
5761,72,110,73,111,0.016285282538490882,0.016285282538490882,0.016285282538490882,4391,Putamen_L,Vermis_4_5
5762,72,111,73,112,-0.06424557982592427,0.06424557982592427,0.06424557982592427,2085,Putamen_L,Vermis_6
5763,72,112,73,113,-0.06841512039619047,0.06841512039619047,0.06841512039619047,1947,Putamen_L,Vermis_7
5764,72,113,73,114,0.030258516596448296,0.030258516596448296,0.030258516596448296,3546,Putamen_L,Vermis_8
5765,72,114,73,115,0.1390847883814602,0.1390847883814602,0.1390847883814602,739,Putamen_L,Vermis_9
5766,72,115,73,116,0.07350390359415909,0.07350390359415909,0.07350390359415909,1814,Putamen_L,Vermis_10
5767,73,74,74,75,0.24780853276830753,0.24780853276830753,0.24780853276830753,159,Putamen_R,Pallidum_L
5768,73,75,74,76,0.06959120150472224,0.06959120150472224,0.06959120150472224,1918,Putamen_R,Pallidum_R
5769,73,76,74,77,0.1311095699342772,0.1311095699342772,0.1311095699342772,807,Putamen_R,Thalamus_L
5770,73,77,74,78,-0.07796743925681768,0.07796743925681768,0.07796743925681768,1703,Putamen_R,Thalamus_R
5771,73,78,74,79,0.17863618825869493,0.17863618825869493,0.17863618825869493,416,Putamen_R,Heschl_L
5772,73,79,74,80,0.01037670672120997,0.01037670672120997,0.01037670672120997,4817,Putamen_R,Heschl_R
5773,73,80,74,81,0.07726092146036381,0.07726092146036381,0.07726092146036381,1727,Putamen_R,Temporal_Sup_L
5774,73,81,74,82,0.05904669603223813,0.05904669603223813,0.05904669603223813,2259,Putamen_R,Temporal_Sup_R
5775,73,82,74,83,0.04734290868938245,0.04734290868938245,0.04734290868938245,2687,Putamen_R,Temporal_Pole_Sup_L
5776,73,83,74,84,-0.052524785631471976,0.052524785631471976,0.052524785631471976,2485,Putamen_R,Temporal_Pole_Sup_R
5777,73,84,74,85,0.04033820123370908,0.04033820123370908,0.04033820123370908,3014,Putamen_R,Temporal_Mid_L
5778,73,85,74,86,0.08865427685054197,0.08865427685054197,0.08865427685054197,1468,Putamen_R,Temporal_Mid_R
5779,73,86,74,87,-0.051589516021805844,0.051589516021805844,0.051589516021805844,2523,Putamen_R,Temporal_Pole_Mid_L
5780,73,87,74,88,-0.0030388953136703933,0.0030388953136703933,0.0030388953136703933,5352,Putamen_R,Temporal_Pole_Mid_R
5781,73,88,74,89,0.009248131808023191,0.009248131808023191,0.009248131808023191,4906,Putamen_R,Temporal_Inf_L
5782,73,89,74,90,0.2526076434810919,0.2526076434810919,0.2526076434810919,145,Putamen_R,Temporal_Inf_R
5783,73,90,74,91,-0.04574070711922398,0.04574070711922398,0.04574070711922398,2757,Putamen_R,Cerebelum_Crus1_L
5784,73,91,74,92,-0.1945979111312689,0.1945979111312689,0.1945979111312689,330,Putamen_R,Cerebelum_Crus1_R
5785,73,92,74,93,-0.007131005167962324,0.007131005167962324,0.007131005167962324,5042,Putamen_R,Cerebelum_Crus2_L
5786,73,93,74,94,0.006291841872443231,0.006291841872443231,0.006291841872443231,5099,Putamen_R,Cerebelum_Crus2_R
5787,73,94,74,95,0.30055821212901174,0.30055821212901174,0.30055821212901174,76,Putamen_R,Cerebelum_3_L
5788,73,95,74,96,-0.0872963761210592,0.0872963761210592,0.0872963761210592,1494,Putamen_R,Cerebelum_3_R
5789,73,96,74,97,0.13326784027126565,0.13326784027126565,0.13326784027126565,787,Putamen_R,Cerebelum_4_5_L
5790,73,97,74,98,0.03987952291460555,0.03987952291460555,0.03987952291460555,3038,Putamen_R,Cerebelum_4_5_R
5791,73,98,74,99,-0.03952594192940408,0.03952594192940408,0.03952594192940408,3049,Putamen_R,Cerebelum_6_L
5792,73,99,74,100,-0.03934574655043223,0.03934574655043223,0.03934574655043223,3063,Putamen_R,Cerebelum_6_R
5793,73,100,74,101,0.03467232227499911,0.03467232227499911,0.03467232227499911,3272,Putamen_R,Cerebelum_7b_L
5794,73,101,74,102,0.025457977073703383,0.025457977073703383,0.025457977073703383,3819,Putamen_R,Cerebelum_7b_R
5795,73,102,74,103,-0.037052015264806046,0.037052015264806046,0.037052015264806046,3161,Putamen_R,Cerebelum_8_L
5796,73,103,74,104,-0.104569208037838,0.104569208037838,0.104569208037838,1165,Putamen_R,Cerebelum_8_R
5797,73,104,74,105,-0.017604163258647366,0.017604163258647366,0.017604163258647366,4304,Putamen_R,Cerebelum_9_L
5798,73,105,74,106,-0.02216751476221264,0.02216751476221264,0.02216751476221264,4039,Putamen_R,Cerebelum_9_R
5799,73,106,74,107,0.14294885344390396,0.14294885344390396,0.14294885344390396,701,Putamen_R,Cerebelum_10_L
5800,73,107,74,108,-0.03267561740927617,0.03267561740927617,0.03267561740927617,3394,Putamen_R,Cerebelum_10_R
5801,73,108,74,109,-0.0008097429931824379,0.0008097429931824379,0.0008097429931824379,5626,Putamen_R,Vermis_1_2
5802,73,109,74,110,0.04689596878363351,0.04689596878363351,0.04689596878363351,2713,Putamen_R,Vermis_3
5803,73,110,74,111,0.028360674581432814,0.028360674581432814,0.028360674581432814,3639,Putamen_R,Vermis_4_5
5804,73,111,74,112,-0.08925122066217622,0.08925122066217622,0.08925122066217622,1448,Putamen_R,Vermis_6
5805,73,112,74,113,-0.09533665296651148,0.09533665296651148,0.09533665296651148,1327,Putamen_R,Vermis_7
5806,73,113,74,114,-0.028921831580439577,0.028921831580439577,0.028921831580439577,3614,Putamen_R,Vermis_8
5807,73,114,74,115,0.05704987814684317,0.05704987814684317,0.05704987814684317,2336,Putamen_R,Vermis_9
5808,73,115,74,116,0.06848501943506788,0.06848501943506788,0.06848501943506788,1945,Putamen_R,Vermis_10
5809,74,75,75,76,-0.20148918747795408,0.20148918747795408,0.20148918747795408,299,Pallidum_L,Pallidum_R
5810,74,76,75,77,-0.20899195297321757,0.20899195297321757,0.20899195297321757,277,Pallidum_L,Thalamus_L
5811,74,77,75,78,0.09675758306765261,0.09675758306765261,0.09675758306765261,1303,Pallidum_L,Thalamus_R
5812,74,78,75,79,0.00355735769237049,0.00355735769237049,0.00355735769237049,5313,Pallidum_L,Heschl_L
5813,74,79,75,80,-0.007920752135580389,0.007920752135580389,0.007920752135580389,4995,Pallidum_L,Heschl_R
5814,74,80,75,81,-0.01972024676056432,0.01972024676056432,0.01972024676056432,4181,Pallidum_L,Temporal_Sup_L
5815,74,81,75,82,0.005128871822212591,0.005128871822212591,0.005128871822212591,5186,Pallidum_L,Temporal_Sup_R
5816,74,82,75,83,0.07548071896924287,0.07548071896924287,0.07548071896924287,1772,Pallidum_L,Temporal_Pole_Sup_L
5817,74,83,75,84,0.08061774276030365,0.08061774276030365,0.08061774276030365,1636,Pallidum_L,Temporal_Pole_Sup_R
5818,74,84,75,85,0.22185715281573912,0.22185715281573912,0.22185715281573912,235,Pallidum_L,Temporal_Mid_L
5819,74,85,75,86,0.04966761727478098,0.04966761727478098,0.04966761727478098,2605,Pallidum_L,Temporal_Mid_R
5820,74,86,75,87,0.2547143081870866,0.2547143081870866,0.2547143081870866,139,Pallidum_L,Temporal_Pole_Mid_L
5821,74,87,75,88,0.06624101109729201,0.06624101109729201,0.06624101109729201,2029,Pallidum_L,Temporal_Pole_Mid_R
5822,74,88,75,89,0.020874770456397806,0.020874770456397806,0.020874770456397806,4119,Pallidum_L,Temporal_Inf_L
5823,74,89,75,90,-0.04106045703494251,0.04106045703494251,0.04106045703494251,2971,Pallidum_L,Temporal_Inf_R
5824,74,90,75,91,0.2983381300523944,0.2983381300523944,0.2983381300523944,78,Pallidum_L,Cerebelum_Crus1_L
5825,74,91,75,92,0.15443175966546394,0.15443175966546394,0.15443175966546394,575,Pallidum_L,Cerebelum_Crus1_R
5826,74,92,75,93,0.25649615614014043,0.25649615614014043,0.25649615614014043,135,Pallidum_L,Cerebelum_Crus2_L
5827,74,93,75,94,0.024756294079380823,0.024756294079380823,0.024756294079380823,3858,Pallidum_L,Cerebelum_Crus2_R
5828,74,94,75,95,0.04624255543752607,0.04624255543752607,0.04624255543752607,2736,Pallidum_L,Cerebelum_3_L
5829,74,95,75,96,-0.04788036811468111,0.04788036811468111,0.04788036811468111,2667,Pallidum_L,Cerebelum_3_R
5830,74,96,75,97,0.19355139374576255,0.19355139374576255,0.19355139374576255,335,Pallidum_L,Cerebelum_4_5_L
5831,74,97,75,98,0.025391449922177078,0.025391449922177078,0.025391449922177078,3822,Pallidum_L,Cerebelum_4_5_R
5832,74,98,75,99,0.14817108442227805,0.14817108442227805,0.14817108442227805,637,Pallidum_L,Cerebelum_6_L
5833,74,99,75,100,0.14705880837313917,0.14705880837313917,0.14705880837313917,645,Pallidum_L,Cerebelum_6_R
5834,74,100,75,101,0.094229749019794,0.094229749019794,0.094229749019794,1358,Pallidum_L,Cerebelum_7b_L
5835,74,101,75,102,-0.11545858640775249,0.11545858640775249,0.11545858640775249,1003,Pallidum_L,Cerebelum_7b_R
5836,74,102,75,103,0.054160211967763335,0.054160211967763335,0.054160211967763335,2428,Pallidum_L,Cerebelum_8_L
5837,74,103,75,104,0.018608872697476866,0.018608872697476866,0.018608872697476866,4245,Pallidum_L,Cerebelum_8_R
5838,74,104,75,105,-0.1391400906842508,0.1391400906842508,0.1391400906842508,738,Pallidum_L,Cerebelum_9_L
5839,74,105,75,106,0.061051221857723485,0.061051221857723485,0.061051221857723485,2197,Pallidum_L,Cerebelum_9_R
5840,74,106,75,107,0.04822871571397525,0.04822871571397525,0.04822871571397525,2653,Pallidum_L,Cerebelum_10_L
5841,74,107,75,108,0.12034135217062746,0.12034135217062746,0.12034135217062746,935,Pallidum_L,Cerebelum_10_R
5842,74,108,75,109,-0.06193136248374812,0.06193136248374812,0.06193136248374812,2159,Pallidum_L,Vermis_1_2
5843,74,109,75,110,-0.013591492038329569,0.013591492038329569,0.013591492038329569,4592,Pallidum_L,Vermis_3
5844,74,110,75,111,0.010199974997674421,0.010199974997674421,0.010199974997674421,4840,Pallidum_L,Vermis_4_5
5845,74,111,75,112,-0.04080628443916282,0.04080628443916282,0.04080628443916282,2987,Pallidum_L,Vermis_6
5846,74,112,75,113,0.058785440238285906,0.058785440238285906,0.058785440238285906,2267,Pallidum_L,Vermis_7
5847,74,113,75,114,-0.012034285226015295,0.012034285226015295,0.012034285226015295,4711,Pallidum_L,Vermis_8
5848,74,114,75,115,0.10565542200198023,0.10565542200198023,0.10565542200198023,1149,Pallidum_L,Vermis_9
5849,74,115,75,116,0.10354838042259576,0.10354838042259576,0.10354838042259576,1183,Pallidum_L,Vermis_10
5850,75,76,76,77,-0.0675498216076917,0.0675498216076917,0.0675498216076917,1978,Pallidum_R,Thalamus_L
5851,75,77,76,78,0.038865663576951114,0.038865663576951114,0.038865663576951114,3084,Pallidum_R,Thalamus_R
5852,75,78,76,79,-0.030178235966426614,0.030178235966426614,0.030178235966426614,3551,Pallidum_R,Heschl_L
5853,75,79,76,80,-0.08764418028662814,0.08764418028662814,0.08764418028662814,1485,Pallidum_R,Heschl_R
5854,75,80,76,81,-0.21037534259059612,0.21037534259059612,0.21037534259059612,272,Pallidum_R,Temporal_Sup_L
5855,75,81,76,82,0.03797168902200547,0.03797168902200547,0.03797168902200547,3118,Pallidum_R,Temporal_Sup_R
5856,75,82,76,83,-0.05509156820789229,0.05509156820789229,0.05509156820789229,2394,Pallidum_R,Temporal_Pole_Sup_L
5857,75,83,76,84,-0.12747991489886654,0.12747991489886654,0.12747991489886654,853,Pallidum_R,Temporal_Pole_Sup_R
5858,75,84,76,85,0.20484416030224217,0.20484416030224217,0.20484416030224217,289,Pallidum_R,Temporal_Mid_L
5859,75,85,76,86,0.09049353323607512,0.09049353323607512,0.09049353323607512,1429,Pallidum_R,Temporal_Mid_R
5860,75,86,76,87,-0.15559737436788015,0.15559737436788015,0.15559737436788015,563,Pallidum_R,Temporal_Pole_Mid_L
5861,75,87,76,88,0.026388315199954177,0.026388315199954177,0.026388315199954177,3770,Pallidum_R,Temporal_Pole_Mid_R
5862,75,88,76,89,-0.13351013497275818,0.13351013497275818,0.13351013497275818,785,Pallidum_R,Temporal_Inf_L
5863,75,89,76,90,0.17822580756997053,0.17822580756997053,0.17822580756997053,419,Pallidum_R,Temporal_Inf_R
5864,75,90,76,91,-0.10839271549565212,0.10839271549565212,0.10839271549565212,1104,Pallidum_R,Cerebelum_Crus1_L
5865,75,91,76,92,-0.17794015491436463,0.17794015491436463,0.17794015491436463,420,Pallidum_R,Cerebelum_Crus1_R
5866,75,92,76,93,-0.030026736412625373,0.030026736412625373,0.030026736412625373,3559,Pallidum_R,Cerebelum_Crus2_L
5867,75,93,76,94,-0.09476086308705971,0.09476086308705971,0.09476086308705971,1343,Pallidum_R,Cerebelum_Crus2_R
5868,75,94,76,95,0.05652976444104707,0.05652976444104707,0.05652976444104707,2349,Pallidum_R,Cerebelum_3_L
5869,75,95,76,96,-0.029829017370390714,0.029829017370390714,0.029829017370390714,3572,Pallidum_R,Cerebelum_3_R
5870,75,96,76,97,0.09392404750992592,0.09392404750992592,0.09392404750992592,1364,Pallidum_R,Cerebelum_4_5_L
5871,75,97,76,98,0.09506031425446657,0.09506031425446657,0.09506031425446657,1337,Pallidum_R,Cerebelum_4_5_R
5872,75,98,76,99,-0.1431451244298919,0.1431451244298919,0.1431451244298919,696,Pallidum_R,Cerebelum_6_L
5873,75,99,76,100,0.07851075909406399,0.07851075909406399,0.07851075909406399,1690,Pallidum_R,Cerebelum_6_R
5874,75,100,76,101,0.060001991296556687,0.060001991296556687,0.060001991296556687,2227,Pallidum_R,Cerebelum_7b_L
5875,75,101,76,102,0.08368354538256066,0.08368354538256066,0.08368354538256066,1569,Pallidum_R,Cerebelum_7b_R
5876,75,102,76,103,-0.11277640578281017,0.11277640578281017,0.11277640578281017,1043,Pallidum_R,Cerebelum_8_L
5877,75,103,76,104,-0.1281231498741068,0.1281231498741068,0.1281231498741068,846,Pallidum_R,Cerebelum_8_R
5878,75,104,76,105,-0.09065167319004758,0.09065167319004758,0.09065167319004758,1426,Pallidum_R,Cerebelum_9_L
5879,75,105,76,106,-0.08357434862504685,0.08357434862504685,0.08357434862504685,1571,Pallidum_R,Cerebelum_9_R
5880,75,106,76,107,0.009966608494284717,0.009966608494284717,0.009966608494284717,4852,Pallidum_R,Cerebelum_10_L
5881,75,107,76,108,0.1656407624893061,0.1656407624893061,0.1656407624893061,489,Pallidum_R,Cerebelum_10_R
5882,75,108,76,109,-0.11331726324292127,0.11331726324292127,0.11331726324292127,1033,Pallidum_R,Vermis_1_2
5883,75,109,76,110,-0.06183522008899721,0.06183522008899721,0.06183522008899721,2164,Pallidum_R,Vermis_3
5884,75,110,76,111,-0.02060829544954718,0.02060829544954718,0.02060829544954718,4133,Pallidum_R,Vermis_4_5
5885,75,111,76,112,0.025788165824955803,0.025788165824955803,0.025788165824955803,3802,Pallidum_R,Vermis_6
5886,75,112,76,113,-0.15301949795468386,0.15301949795468386,0.15301949795468386,591,Pallidum_R,Vermis_7
5887,75,113,76,114,-0.04048713742083775,0.04048713742083775,0.04048713742083775,3003,Pallidum_R,Vermis_8
5888,75,114,76,115,0.00481030851892213,0.00481030851892213,0.00481030851892213,5211,Pallidum_R,Vermis_9
5889,75,115,76,116,-0.07085652636586177,0.07085652636586177,0.07085652636586177,1884,Pallidum_R,Vermis_10
5890,76,77,77,78,-0.18013199226855717,0.18013199226855717,0.18013199226855717,406,Thalamus_L,Thalamus_R
5891,76,78,77,79,0.08289576451549518,0.08289576451549518,0.08289576451549518,1593,Thalamus_L,Heschl_L
5892,76,79,77,80,0.016787871767645342,0.016787871767645342,0.016787871767645342,4349,Thalamus_L,Heschl_R
5893,76,80,77,81,-0.09354233365698296,0.09354233365698296,0.09354233365698296,1376,Thalamus_L,Temporal_Sup_L
5894,76,81,77,82,-0.07996617336842302,0.07996617336842302,0.07996617336842302,1659,Thalamus_L,Temporal_Sup_R
5895,76,82,77,83,-0.03540271023498836,0.03540271023498836,0.03540271023498836,3229,Thalamus_L,Temporal_Pole_Sup_L
5896,76,83,77,84,-0.059543038477731236,0.059543038477731236,0.059543038477731236,2243,Thalamus_L,Temporal_Pole_Sup_R
5897,76,84,77,85,0.20233795613967853,0.20233795613967853,0.20233795613967853,297,Thalamus_L,Temporal_Mid_L
5898,76,85,77,86,-0.02835255048531987,0.02835255048531987,0.02835255048531987,3642,Thalamus_L,Temporal_Mid_R
5899,76,86,77,87,0.13285464647049627,0.13285464647049627,0.13285464647049627,792,Thalamus_L,Temporal_Pole_Mid_L
5900,76,87,77,88,0.10371297915497203,0.10371297915497203,0.10371297915497203,1177,Thalamus_L,Temporal_Pole_Mid_R
5901,76,88,77,89,0.048937086106984655,0.048937086106984655,0.048937086106984655,2627,Thalamus_L,Temporal_Inf_L
5902,76,89,77,90,0.07783151578905223,0.07783151578905223,0.07783151578905223,1709,Thalamus_L,Temporal_Inf_R
5903,76,90,77,91,0.19852515916095256,0.19852515916095256,0.19852515916095256,306,Thalamus_L,Cerebelum_Crus1_L
5904,76,91,77,92,0.16733595178447394,0.16733595178447394,0.16733595178447394,480,Thalamus_L,Cerebelum_Crus1_R
5905,76,92,77,93,0.3379863027078484,0.3379863027078484,0.3379863027078484,39,Thalamus_L,Cerebelum_Crus2_L
5906,76,93,77,94,0.15692800358059258,0.15692800358059258,0.15692800358059258,553,Thalamus_L,Cerebelum_Crus2_R
5907,76,94,77,95,-0.2466117297187109,0.2466117297187109,0.2466117297187109,163,Thalamus_L,Cerebelum_3_L
5908,76,95,77,96,-0.07702389714405264,0.07702389714405264,0.07702389714405264,1732,Thalamus_L,Cerebelum_3_R
5909,76,96,77,97,-0.030483950923883684,0.030483950923883684,0.030483950923883684,3531,Thalamus_L,Cerebelum_4_5_L
5910,76,97,77,98,-0.21081485669264968,0.21081485669264968,0.21081485669264968,270,Thalamus_L,Cerebelum_4_5_R
5911,76,98,77,99,0.028792158072526785,0.028792158072526785,0.028792158072526785,3620,Thalamus_L,Cerebelum_6_L
5912,76,99,77,100,-0.1251690516343384,0.1251690516343384,0.1251690516343384,873,Thalamus_L,Cerebelum_6_R
5913,76,100,77,101,-0.1791277805747556,0.1791277805747556,0.1791277805747556,410,Thalamus_L,Cerebelum_7b_L
5914,76,101,77,102,0.1547389776431732,0.1547389776431732,0.1547389776431732,571,Thalamus_L,Cerebelum_7b_R
5915,76,102,77,103,0.0652926638874009,0.0652926638874009,0.0652926638874009,2052,Thalamus_L,Cerebelum_8_L
5916,76,103,77,104,-0.07546314888704286,0.07546314888704286,0.07546314888704286,1773,Thalamus_L,Cerebelum_8_R
5917,76,104,77,105,0.2506256659765275,0.2506256659765275,0.2506256659765275,153,Thalamus_L,Cerebelum_9_L
5918,76,105,77,106,0.1417406716939756,0.1417406716939756,0.1417406716939756,709,Thalamus_L,Cerebelum_9_R
5919,76,106,77,107,0.1112063495040763,0.1112063495040763,0.1112063495040763,1068,Thalamus_L,Cerebelum_10_L
5920,76,107,77,108,0.04121809103529788,0.04121809103529788,0.04121809103529788,2960,Thalamus_L,Cerebelum_10_R
5921,76,108,77,109,0.012839376418008898,0.012839376418008898,0.012839376418008898,4643,Thalamus_L,Vermis_1_2
5922,76,109,77,110,0.018781375104497292,0.018781375104497292,0.018781375104497292,4239,Thalamus_L,Vermis_3
5923,76,110,77,111,-0.005555184628718784,0.005555184628718784,0.005555184628718784,5146,Thalamus_L,Vermis_4_5
5924,76,111,77,112,-0.08897663334017719,0.08897663334017719,0.08897663334017719,1461,Thalamus_L,Vermis_6
5925,76,112,77,113,-0.13052935925905057,0.13052935925905057,0.13052935925905057,817,Thalamus_L,Vermis_7
5926,76,113,77,114,-0.10282652931569508,0.10282652931569508,0.10282652931569508,1200,Thalamus_L,Vermis_8
5927,76,114,77,115,0.0336011796125511,0.0336011796125511,0.0336011796125511,3331,Thalamus_L,Vermis_9
5928,76,115,77,116,0.026850060679811598,0.026850060679811598,0.026850060679811598,3736,Thalamus_L,Vermis_10
5929,77,78,78,79,0.08347136806160138,0.08347136806160138,0.08347136806160138,1577,Thalamus_R,Heschl_L
5930,77,79,78,80,0.07174329769707677,0.07174329769707677,0.07174329769707677,1859,Thalamus_R,Heschl_R
5931,77,80,78,81,-0.14595560129908444,0.14595560129908444,0.14595560129908444,664,Thalamus_R,Temporal_Sup_L
5932,77,81,78,82,-0.2627226867680758,0.2627226867680758,0.2627226867680758,122,Thalamus_R,Temporal_Sup_R
5933,77,82,78,83,-0.241039247943653,0.241039247943653,0.241039247943653,183,Thalamus_R,Temporal_Pole_Sup_L
5934,77,83,78,84,-0.05838180822502484,0.05838180822502484,0.05838180822502484,2279,Thalamus_R,Temporal_Pole_Sup_R
5935,77,84,78,85,-0.07399231484351637,0.07399231484351637,0.07399231484351637,1801,Thalamus_R,Temporal_Mid_L
5936,77,85,78,86,-0.23871492098019398,0.23871492098019398,0.23871492098019398,189,Thalamus_R,Temporal_Mid_R
5937,77,86,78,87,0.08032001102506782,0.08032001102506782,0.08032001102506782,1644,Thalamus_R,Temporal_Pole_Mid_L
5938,77,87,78,88,-0.1295947476203965,0.1295947476203965,0.1295947476203965,828,Thalamus_R,Temporal_Pole_Mid_R
5939,77,88,78,89,-0.3291305619676507,0.3291305619676507,0.3291305619676507,50,Thalamus_R,Temporal_Inf_L
5940,77,89,78,90,0.09838046056432964,0.09838046056432964,0.09838046056432964,1274,Thalamus_R,Temporal_Inf_R
5941,77,90,78,91,0.07921644151602007,0.07921644151602007,0.07921644151602007,1672,Thalamus_R,Cerebelum_Crus1_L
5942,77,91,78,92,0.3320663970747539,0.3320663970747539,0.3320663970747539,45,Thalamus_R,Cerebelum_Crus1_R
5943,77,92,78,93,-0.27553588132050744,0.27553588132050744,0.27553588132050744,106,Thalamus_R,Cerebelum_Crus2_L
5944,77,93,78,94,0.20952660981538104,0.20952660981538104,0.20952660981538104,274,Thalamus_R,Cerebelum_Crus2_R
5945,77,94,78,95,-0.08044226764818872,0.08044226764818872,0.08044226764818872,1642,Thalamus_R,Cerebelum_3_L
5946,77,95,78,96,0.10760058615448866,0.10760058615448866,0.10760058615448866,1116,Thalamus_R,Cerebelum_3_R
5947,77,96,78,97,-0.0005714418446248038,0.0005714418446248038,0.0005714418446248038,5795,Thalamus_R,Cerebelum_4_5_L
5948,77,97,78,98,-0.14034425932539504,0.14034425932539504,0.14034425932539504,725,Thalamus_R,Cerebelum_4_5_R
5949,77,98,78,99,-0.06982602365631298,0.06982602365631298,0.06982602365631298,1910,Thalamus_R,Cerebelum_6_L
5950,77,99,78,100,-0.03425327536301342,0.03425327536301342,0.03425327536301342,3293,Thalamus_R,Cerebelum_6_R
5951,77,100,78,101,-0.42808506800980967,0.42808506800980967,0.42808506800980967,19,Thalamus_R,Cerebelum_7b_L
5952,77,101,78,102,0.1761436919860621,0.1761436919860621,0.1761436919860621,430,Thalamus_R,Cerebelum_7b_R
5953,77,102,78,103,0.11036156360141458,0.11036156360141458,0.11036156360141458,1083,Thalamus_R,Cerebelum_8_L
5954,77,103,78,104,0.12004712254720509,0.12004712254720509,0.12004712254720509,938,Thalamus_R,Cerebelum_8_R
5955,77,104,78,105,0.18940137311133923,0.18940137311133923,0.18940137311133923,366,Thalamus_R,Cerebelum_9_L
5956,77,105,78,106,0.13695067693959614,0.13695067693959614,0.13695067693959614,756,Thalamus_R,Cerebelum_9_R
5957,77,106,78,107,-0.17327523959567934,0.17327523959567934,0.17327523959567934,450,Thalamus_R,Cerebelum_10_L
5958,77,107,78,108,0.09617629467848073,0.09617629467848073,0.09617629467848073,1314,Thalamus_R,Cerebelum_10_R
5959,77,108,78,109,0.016675454757625326,0.016675454757625326,0.016675454757625326,4360,Thalamus_R,Vermis_1_2
5960,77,109,78,110,0.027179239896995125,0.027179239896995125,0.027179239896995125,3726,Thalamus_R,Vermis_3
5961,77,110,78,111,-0.01514096821325393,0.01514096821325393,0.01514096821325393,4468,Thalamus_R,Vermis_4_5
5962,77,111,78,112,-0.08291613502309299,0.08291613502309299,0.08291613502309299,1592,Thalamus_R,Vermis_6
5963,77,112,78,113,-0.06456267039863021,0.06456267039863021,0.06456267039863021,2075,Thalamus_R,Vermis_7
5964,77,113,78,114,0.008879507097447557,0.008879507097447557,0.008879507097447557,4925,Thalamus_R,Vermis_8
5965,77,114,78,115,-0.025140702246274012,0.025140702246274012,0.025140702246274012,3842,Thalamus_R,Vermis_9
5966,77,115,78,116,-0.06908062969941495,0.06908062969941495,0.06908062969941495,1927,Thalamus_R,Vermis_10
5967,78,79,79,80,0.08084274946281893,0.08084274946281893,0.08084274946281893,1632,Heschl_L,Heschl_R
5968,78,80,79,81,0.09517508812611104,0.09517508812611104,0.09517508812611104,1334,Heschl_L,Temporal_Sup_L
5969,78,81,79,82,0.1576594837473112,0.1576594837473112,0.1576594837473112,551,Heschl_L,Temporal_Sup_R
5970,78,82,79,83,-0.1237331203293385,0.1237331203293385,0.1237331203293385,890,Heschl_L,Temporal_Pole_Sup_L
5971,78,83,79,84,0.054932422238659274,0.054932422238659274,0.054932422238659274,2398,Heschl_L,Temporal_Pole_Sup_R
5972,78,84,79,85,0.021657434762343216,0.021657434762343216,0.021657434762343216,4074,Heschl_L,Temporal_Mid_L
5973,78,85,79,86,0.02017341029532809,0.02017341029532809,0.02017341029532809,4158,Heschl_L,Temporal_Mid_R
5974,78,86,79,87,0.012432783207688277,0.012432783207688277,0.012432783207688277,4681,Heschl_L,Temporal_Pole_Mid_L
5975,78,87,79,88,-0.0021827633769697695,0.0021827633769697695,0.0021827633769697695,5408,Heschl_L,Temporal_Pole_Mid_R
5976,78,88,79,89,-0.020845919053874878,0.020845919053874878,0.020845919053874878,4122,Heschl_L,Temporal_Inf_L
5977,78,89,79,90,0.02928209857774321,0.02928209857774321,0.02928209857774321,3602,Heschl_L,Temporal_Inf_R
5978,78,90,79,91,0.15353888703392896,0.15353888703392896,0.15353888703392896,584,Heschl_L,Cerebelum_Crus1_L
5979,78,91,79,92,0.06434534417435055,0.06434534417435055,0.06434534417435055,2080,Heschl_L,Cerebelum_Crus1_R
5980,78,92,79,93,0.12134375175602377,0.12134375175602377,0.12134375175602377,921,Heschl_L,Cerebelum_Crus2_L
5981,78,93,79,94,0.059163095238947444,0.059163095238947444,0.059163095238947444,2257,Heschl_L,Cerebelum_Crus2_R
5982,78,94,79,95,0.021757593975542232,0.021757593975542232,0.021757593975542232,4065,Heschl_L,Cerebelum_3_L
5983,78,95,79,96,-0.09390658565535548,0.09390658565535548,0.09390658565535548,1365,Heschl_L,Cerebelum_3_R
5984,78,96,79,97,0.05990282688089806,0.05990282688089806,0.05990282688089806,2232,Heschl_L,Cerebelum_4_5_L
5985,78,97,79,98,0.03619974528272723,0.03619974528272723,0.03619974528272723,3194,Heschl_L,Cerebelum_4_5_R
5986,78,98,79,99,0.15983880475993334,0.15983880475993334,0.15983880475993334,530,Heschl_L,Cerebelum_6_L
5987,78,99,79,100,0.07660048020443032,0.07660048020443032,0.07660048020443032,1742,Heschl_L,Cerebelum_6_R
5988,78,100,79,101,0.1222181161726581,0.1222181161726581,0.1222181161726581,907,Heschl_L,Cerebelum_7b_L
5989,78,101,79,102,0.1050283980610827,0.1050283980610827,0.1050283980610827,1159,Heschl_L,Cerebelum_7b_R
5990,78,102,79,103,0.05051055710636919,0.05051055710636919,0.05051055710636919,2568,Heschl_L,Cerebelum_8_L
5991,78,103,79,104,0.10659652952473458,0.10659652952473458,0.10659652952473458,1136,Heschl_L,Cerebelum_8_R
5992,78,104,79,105,0.07127738512154655,0.07127738512154655,0.07127738512154655,1868,Heschl_L,Cerebelum_9_L
5993,78,105,79,106,0.050953627571797985,0.050953627571797985,0.050953627571797985,2547,Heschl_L,Cerebelum_9_R
5994,78,106,79,107,0.23489618778467614,0.23489618778467614,0.23489618778467614,205,Heschl_L,Cerebelum_10_L
5995,78,107,79,108,0.3126458064686866,0.3126458064686866,0.3126458064686866,63,Heschl_L,Cerebelum_10_R
5996,78,108,79,109,-0.07370461229993722,0.07370461229993722,0.07370461229993722,1811,Heschl_L,Vermis_1_2
5997,78,109,79,110,-0.0062052895472565804,0.0062052895472565804,0.0062052895472565804,5104,Heschl_L,Vermis_3
5998,78,110,79,111,-0.02467468723798809,0.02467468723798809,0.02467468723798809,3860,Heschl_L,Vermis_4_5
5999,78,111,79,112,0.08817512911643095,0.08817512911643095,0.08817512911643095,1474,Heschl_L,Vermis_6
6000,78,112,79,113,-0.015756957595293674,0.015756957595293674,0.015756957595293674,4434,Heschl_L,Vermis_7
6001,78,113,79,114,0.03044050581376802,0.03044050581376802,0.03044050581376802,3534,Heschl_L,Vermis_8
6002,78,114,79,115,0.03336023226628659,0.03336023226628659,0.03336023226628659,3350,Heschl_L,Vermis_9
6003,78,115,79,116,-0.03416799793949789,0.03416799793949789,0.03416799793949789,3299,Heschl_L,Vermis_10
6004,79,80,80,81,0.17050104334929264,0.17050104334929264,0.17050104334929264,468,Heschl_R,Temporal_Sup_L
6005,79,81,80,82,0.1786633433520625,0.1786633433520625,0.1786633433520625,415,Heschl_R,Temporal_Sup_R
6006,79,82,80,83,-0.14916210899899573,0.14916210899899573,0.14916210899899573,625,Heschl_R,Temporal_Pole_Sup_L
6007,79,83,80,84,-0.00257832977140245,0.00257832977140245,0.00257832977140245,5385,Heschl_R,Temporal_Pole_Sup_R
6008,79,84,80,85,0.07003379097313701,0.07003379097313701,0.07003379097313701,1904,Heschl_R,Temporal_Mid_L
6009,79,85,80,86,0.056421111731660596,0.056421111731660596,0.056421111731660596,2353,Heschl_R,Temporal_Mid_R
6010,79,86,80,87,-0.032532306599693174,0.032532306599693174,0.032532306599693174,3402,Heschl_R,Temporal_Pole_Mid_L
6011,79,87,80,88,-0.0976767109234343,0.0976767109234343,0.0976767109234343,1286,Heschl_R,Temporal_Pole_Mid_R
6012,79,88,80,89,-0.04167043077107386,0.04167043077107386,0.04167043077107386,2937,Heschl_R,Temporal_Inf_L
6013,79,89,80,90,0.025078184486491188,0.025078184486491188,0.025078184486491188,3848,Heschl_R,Temporal_Inf_R
6014,79,90,80,91,0.02368099379746153,0.02368099379746153,0.02368099379746153,3924,Heschl_R,Cerebelum_Crus1_L
6015,79,91,80,92,0.03761343294949498,0.03761343294949498,0.03761343294949498,3130,Heschl_R,Cerebelum_Crus1_R
6016,79,92,80,93,-0.021901042380832726,0.021901042380832726,0.021901042380832726,4057,Heschl_R,Cerebelum_Crus2_L
6017,79,93,80,94,0.09469314298915599,0.09469314298915599,0.09469314298915599,1345,Heschl_R,Cerebelum_Crus2_R
6018,79,94,80,95,-0.07842316491039632,0.07842316491039632,0.07842316491039632,1693,Heschl_R,Cerebelum_3_L
6019,79,95,80,96,-0.10270820644027373,0.10270820644027373,0.10270820644027373,1204,Heschl_R,Cerebelum_3_R
6020,79,96,80,97,0.034144636129854584,0.034144636129854584,0.034144636129854584,3301,Heschl_R,Cerebelum_4_5_L
6021,79,97,80,98,-0.0616807522314659,0.0616807522314659,0.0616807522314659,2171,Heschl_R,Cerebelum_4_5_R
6022,79,98,80,99,0.05611378171777524,0.05611378171777524,0.05611378171777524,2367,Heschl_R,Cerebelum_6_L
6023,79,99,80,100,-0.05794080316372769,0.05794080316372769,0.05794080316372769,2299,Heschl_R,Cerebelum_6_R
6024,79,100,80,101,-0.018529023515631037,0.018529023515631037,0.018529023515631037,4251,Heschl_R,Cerebelum_7b_L
6025,79,101,80,102,0.1232714005679686,0.1232714005679686,0.1232714005679686,895,Heschl_R,Cerebelum_7b_R
6026,79,102,80,103,-0.06989189003341201,0.06989189003341201,0.06989189003341201,1909,Heschl_R,Cerebelum_8_L
6027,79,103,80,104,0.0502321357044114,0.0502321357044114,0.0502321357044114,2579,Heschl_R,Cerebelum_8_R
6028,79,104,80,105,-0.0015113640227717255,0.0015113640227717255,0.0015113640227717255,5468,Heschl_R,Cerebelum_9_L
6029,79,105,80,106,0.05967517109480791,0.05967517109480791,0.05967517109480791,2237,Heschl_R,Cerebelum_9_R
6030,79,106,80,107,0.09425519895281986,0.09425519895281986,0.09425519895281986,1357,Heschl_R,Cerebelum_10_L
6031,79,107,80,108,0.08108903213114539,0.08108903213114539,0.08108903213114539,1629,Heschl_R,Cerebelum_10_R
6032,79,108,80,109,-0.009301081933816412,0.009301081933816412,0.009301081933816412,4901,Heschl_R,Vermis_1_2
6033,79,109,80,110,-0.02840339007574128,0.02840339007574128,0.02840339007574128,3635,Heschl_R,Vermis_3
6034,79,110,80,111,-0.040728515563716455,0.040728515563716455,0.040728515563716455,2993,Heschl_R,Vermis_4_5
6035,79,111,80,112,0.0037843409893530983,0.0037843409893530983,0.0037843409893530983,5295,Heschl_R,Vermis_6
6036,79,112,80,113,-0.01663946831216035,0.01663946831216035,0.01663946831216035,4364,Heschl_R,Vermis_7
6037,79,113,80,114,0.013558027104733597,0.013558027104733597,0.013558027104733597,4594,Heschl_R,Vermis_8
6038,79,114,80,115,0.042747316734585886,0.042747316734585886,0.042747316734585886,2878,Heschl_R,Vermis_9
6039,79,115,80,116,-0.03771636769074196,0.03771636769074196,0.03771636769074196,3127,Heschl_R,Vermis_10
6040,80,81,81,82,0.32503646060464475,0.32503646060464475,0.32503646060464475,55,Temporal_Sup_L,Temporal_Sup_R
6041,80,82,81,83,-0.48385297578340153,0.48385297578340153,0.48385297578340153,13,Temporal_Sup_L,Temporal_Pole_Sup_L
6042,80,83,81,84,0.14994504250726395,0.14994504250726395,0.14994504250726395,620,Temporal_Sup_L,Temporal_Pole_Sup_R
6043,80,84,81,85,-0.06673792962915782,0.06673792962915782,0.06673792962915782,2009,Temporal_Sup_L,Temporal_Mid_L
6044,80,85,81,86,0.018106207335730477,0.018106207335730477,0.018106207335730477,4273,Temporal_Sup_L,Temporal_Mid_R
6045,80,86,81,87,-0.06688667713484141,0.06688667713484141,0.06688667713484141,2003,Temporal_Sup_L,Temporal_Pole_Mid_L
6046,80,87,81,88,-0.09206087927436878,0.09206087927436878,0.09206087927436878,1402,Temporal_Sup_L,Temporal_Pole_Mid_R
6047,80,88,81,89,-0.17208839289079716,0.17208839289079716,0.17208839289079716,459,Temporal_Sup_L,Temporal_Inf_L
6048,80,89,81,90,0.11605179562645761,0.11605179562645761,0.11605179562645761,994,Temporal_Sup_L,Temporal_Inf_R
6049,80,90,81,91,0.09217329010666701,0.09217329010666701,0.09217329010666701,1399,Temporal_Sup_L,Cerebelum_Crus1_L
6050,80,91,81,92,-0.15189480451098655,0.15189480451098655,0.15189480451098655,607,Temporal_Sup_L,Cerebelum_Crus1_R
6051,80,92,81,93,0.027174410568201034,0.027174410568201034,0.027174410568201034,3727,Temporal_Sup_L,Cerebelum_Crus2_L
6052,80,93,81,94,-0.06891799567491827,0.06891799567491827,0.06891799567491827,1934,Temporal_Sup_L,Cerebelum_Crus2_R
6053,80,94,81,95,-0.12135948591099596,0.12135948591099596,0.12135948591099596,920,Temporal_Sup_L,Cerebelum_3_L
6054,80,95,81,96,-0.1939820662344035,0.1939820662344035,0.1939820662344035,331,Temporal_Sup_L,Cerebelum_3_R
6055,80,96,81,97,-0.09044915370397262,0.09044915370397262,0.09044915370397262,1431,Temporal_Sup_L,Cerebelum_4_5_L
6056,80,97,81,98,-0.04081022057579937,0.04081022057579937,0.04081022057579937,2986,Temporal_Sup_L,Cerebelum_4_5_R
6057,80,98,81,99,-0.03393685321262936,0.03393685321262936,0.03393685321262936,3317,Temporal_Sup_L,Cerebelum_6_L
6058,80,99,81,100,-0.1285954021124688,0.1285954021124688,0.1285954021124688,838,Temporal_Sup_L,Cerebelum_6_R
6059,80,100,81,101,-0.06448882687403829,0.06448882687403829,0.06448882687403829,2077,Temporal_Sup_L,Cerebelum_7b_L
6060,80,101,81,102,-0.2675859151215703,0.2675859151215703,0.2675859151215703,116,Temporal_Sup_L,Cerebelum_7b_R
6061,80,102,81,103,-0.143889768211927,0.143889768211927,0.143889768211927,685,Temporal_Sup_L,Cerebelum_8_L
6062,80,103,81,104,0.06783922933777164,0.06783922933777164,0.06783922933777164,1968,Temporal_Sup_L,Cerebelum_8_R
6063,80,104,81,105,0.013303155106519197,0.013303155106519197,0.013303155106519197,4613,Temporal_Sup_L,Cerebelum_9_L
6064,80,105,81,106,-0.027240581446881816,0.027240581446881816,0.027240581446881816,3721,Temporal_Sup_L,Cerebelum_9_R
6065,80,106,81,107,0.03189413688731789,0.03189413688731789,0.03189413688731789,3442,Temporal_Sup_L,Cerebelum_10_L
6066,80,107,81,108,-0.03397160286629263,0.03397160286629263,0.03397160286629263,3316,Temporal_Sup_L,Cerebelum_10_R
6067,80,108,81,109,0.023817255247695436,0.023817255247695436,0.023817255247695436,3918,Temporal_Sup_L,Vermis_1_2
6068,80,109,81,110,-0.022202527989060687,0.022202527989060687,0.022202527989060687,4037,Temporal_Sup_L,Vermis_3
6069,80,110,81,111,-0.015889828054646185,0.015889828054646185,0.015889828054646185,4423,Temporal_Sup_L,Vermis_4_5
6070,80,111,81,112,0.12204237091687703,0.12204237091687703,0.12204237091687703,911,Temporal_Sup_L,Vermis_6
6071,80,112,81,113,0.08205251199035306,0.08205251199035306,0.08205251199035306,1609,Temporal_Sup_L,Vermis_7
6072,80,113,81,114,0.10665019508932767,0.10665019508932767,0.10665019508932767,1134,Temporal_Sup_L,Vermis_8
6073,80,114,81,115,0.051504261359042305,0.051504261359042305,0.051504261359042305,2525,Temporal_Sup_L,Vermis_9
6074,80,115,81,116,-0.10873390352576215,0.10873390352576215,0.10873390352576215,1099,Temporal_Sup_L,Vermis_10
6075,81,82,82,83,-0.23920022059531354,0.23920022059531354,0.23920022059531354,188,Temporal_Sup_R,Temporal_Pole_Sup_L
6076,81,83,82,84,0.11617624524473207,0.11617624524473207,0.11617624524473207,991,Temporal_Sup_R,Temporal_Pole_Sup_R
6077,81,84,82,85,0.11172129407656568,0.11172129407656568,0.11172129407656568,1061,Temporal_Sup_R,Temporal_Mid_L
6078,81,85,82,86,0.06303130938557382,0.06303130938557382,0.06303130938557382,2125,Temporal_Sup_R,Temporal_Mid_R
6079,81,86,82,87,-0.15392315548678898,0.15392315548678898,0.15392315548678898,580,Temporal_Sup_R,Temporal_Pole_Mid_L
6080,81,87,82,88,-0.1708451701879265,0.1708451701879265,0.1708451701879265,466,Temporal_Sup_R,Temporal_Pole_Mid_R
6081,81,88,82,89,0.047053971895735,0.047053971895735,0.047053971895735,2702,Temporal_Sup_R,Temporal_Inf_L
6082,81,89,82,90,-0.01910805921032254,0.01910805921032254,0.01910805921032254,4218,Temporal_Sup_R,Temporal_Inf_R
6083,81,90,82,91,-0.2236593961030541,0.2236593961030541,0.2236593961030541,229,Temporal_Sup_R,Cerebelum_Crus1_L
6084,81,91,82,92,-0.2121407935837149,0.2121407935837149,0.2121407935837149,268,Temporal_Sup_R,Cerebelum_Crus1_R
6085,81,92,82,93,-0.2549932752334375,0.2549932752334375,0.2549932752334375,136,Temporal_Sup_R,Cerebelum_Crus2_L
6086,81,93,82,94,-0.12390316414917146,0.12390316414917146,0.12390316414917146,889,Temporal_Sup_R,Cerebelum_Crus2_R
6087,81,94,82,95,0.05224922686214006,0.05224922686214006,0.05224922686214006,2496,Temporal_Sup_R,Cerebelum_3_L
6088,81,95,82,96,0.01811160448138481,0.01811160448138481,0.01811160448138481,4272,Temporal_Sup_R,Cerebelum_3_R
6089,81,96,82,97,-0.005114085514390763,0.005114085514390763,0.005114085514390763,5190,Temporal_Sup_R,Cerebelum_4_5_L
6090,81,97,82,98,-0.04308655953459628,0.04308655953459628,0.04308655953459628,2866,Temporal_Sup_R,Cerebelum_4_5_R
6091,81,98,82,99,-0.13446079124090876,0.13446079124090876,0.13446079124090876,776,Temporal_Sup_R,Cerebelum_6_L
6092,81,99,82,100,-0.24379834170922463,0.24379834170922463,0.24379834170922463,169,Temporal_Sup_R,Cerebelum_6_R
6093,81,100,82,101,-0.08439156433523852,0.08439156433523852,0.08439156433523852,1552,Temporal_Sup_R,Cerebelum_7b_L
6094,81,101,82,102,-0.309601439748988,0.309601439748988,0.309601439748988,66,Temporal_Sup_R,Cerebelum_7b_R
6095,81,102,82,103,-0.0853427669920094,0.0853427669920094,0.0853427669920094,1534,Temporal_Sup_R,Cerebelum_8_L
6096,81,103,82,104,0.014363014209922661,0.014363014209922661,0.014363014209922661,4525,Temporal_Sup_R,Cerebelum_8_R
6097,81,104,82,105,-0.04841773169488289,0.04841773169488289,0.04841773169488289,2644,Temporal_Sup_R,Cerebelum_9_L
6098,81,105,82,106,0.039187101760940014,0.039187101760940014,0.039187101760940014,3069,Temporal_Sup_R,Cerebelum_9_R
6099,81,106,82,107,-0.006768911403759859,0.006768911403759859,0.006768911403759859,5065,Temporal_Sup_R,Cerebelum_10_L
6100,81,107,82,108,-0.054910418559501975,0.054910418559501975,0.054910418559501975,2400,Temporal_Sup_R,Cerebelum_10_R
6101,81,108,82,109,-0.044183142470476944,0.044183142470476944,0.044183142470476944,2819,Temporal_Sup_R,Vermis_1_2
6102,81,109,82,110,-0.01440453676273191,0.01440453676273191,0.01440453676273191,4520,Temporal_Sup_R,Vermis_3
6103,81,110,82,111,-0.013727298708141931,0.013727298708141931,0.013727298708141931,4583,Temporal_Sup_R,Vermis_4_5
6104,81,111,82,112,0.08248455965592734,0.08248455965592734,0.08248455965592734,1600,Temporal_Sup_R,Vermis_6
6105,81,112,82,113,0.06595142512521568,0.06595142512521568,0.06595142512521568,2038,Temporal_Sup_R,Vermis_7
6106,81,113,82,114,-0.003939022839520899,0.003939022839520899,0.003939022839520899,5282,Temporal_Sup_R,Vermis_8
6107,81,114,82,115,0.0020137283593271607,0.0020137283593271607,0.0020137283593271607,5424,Temporal_Sup_R,Vermis_9
6108,81,115,82,116,-0.10074821784736059,0.10074821784736059,0.10074821784736059,1229,Temporal_Sup_R,Vermis_10
6109,82,83,83,84,0.1095780618872421,0.1095780618872421,0.1095780618872421,1091,Temporal_Pole_Sup_L,Temporal_Pole_Sup_R
6110,82,84,83,85,0.16596789459614314,0.16596789459614314,0.16596789459614314,488,Temporal_Pole_Sup_L,Temporal_Mid_L
6111,82,85,83,86,0.06456489151411526,0.06456489151411526,0.06456489151411526,2074,Temporal_Pole_Sup_L,Temporal_Mid_R
6112,82,86,83,87,0.12501014730532237,0.12501014730532237,0.12501014730532237,877,Temporal_Pole_Sup_L,Temporal_Pole_Mid_L
6113,82,87,83,88,0.11829185051644953,0.11829185051644953,0.11829185051644953,960,Temporal_Pole_Sup_L,Temporal_Pole_Mid_R
6114,82,88,83,89,0.010800653197334602,0.010800653197334602,0.010800653197334602,4794,Temporal_Pole_Sup_L,Temporal_Inf_L
6115,82,89,83,90,0.11379975222694914,0.11379975222694914,0.11379975222694914,1025,Temporal_Pole_Sup_L,Temporal_Inf_R
6116,82,90,83,91,0.15884511561032053,0.15884511561032053,0.15884511561032053,539,Temporal_Pole_Sup_L,Cerebelum_Crus1_L
6117,82,91,83,92,0.03849965688716869,0.03849965688716869,0.03849965688716869,3097,Temporal_Pole_Sup_L,Cerebelum_Crus1_R
6118,82,92,83,93,-0.03628375150196309,0.03628375150196309,0.03628375150196309,3189,Temporal_Pole_Sup_L,Cerebelum_Crus2_L
6119,82,93,83,94,-0.10822748260588996,0.10822748260588996,0.10822748260588996,1107,Temporal_Pole_Sup_L,Cerebelum_Crus2_R
6120,82,94,83,95,0.01209056095548882,0.01209056095548882,0.01209056095548882,4706,Temporal_Pole_Sup_L,Cerebelum_3_L
6121,82,95,83,96,-0.15966392976542856,0.15966392976542856,0.15966392976542856,533,Temporal_Pole_Sup_L,Cerebelum_3_R
6122,82,96,83,97,-0.0775513329122057,0.0775513329122057,0.0775513329122057,1716,Temporal_Pole_Sup_L,Cerebelum_4_5_L
6123,82,97,83,98,0.004146466094567622,0.004146466094567622,0.004146466094567622,5260,Temporal_Pole_Sup_L,Cerebelum_4_5_R
6124,82,98,83,99,0.197075941353077,0.197075941353077,0.197075941353077,316,Temporal_Pole_Sup_L,Cerebelum_6_L
6125,82,99,83,100,0.18673388304731642,0.18673388304731642,0.18673388304731642,379,Temporal_Pole_Sup_L,Cerebelum_6_R
6126,82,100,83,101,-0.15154074692096883,0.15154074692096883,0.15154074692096883,612,Temporal_Pole_Sup_L,Cerebelum_7b_L
6127,82,101,83,102,0.15938375407385522,0.15938375407385522,0.15938375407385522,534,Temporal_Pole_Sup_L,Cerebelum_7b_R
6128,82,102,83,103,0.08652757776711846,0.08652757776711846,0.08652757776711846,1515,Temporal_Pole_Sup_L,Cerebelum_8_L
6129,82,103,83,104,0.024332224495865105,0.024332224495865105,0.024332224495865105,3892,Temporal_Pole_Sup_L,Cerebelum_8_R
6130,82,104,83,105,0.010010814923790627,0.010010814923790627,0.010010814923790627,4849,Temporal_Pole_Sup_L,Cerebelum_9_L
6131,82,105,83,106,0.0012517310440466783,0.0012517310440466783,0.0012517310440466783,5487,Temporal_Pole_Sup_L,Cerebelum_9_R
6132,82,106,83,107,-0.28394205780758536,0.28394205780758536,0.28394205780758536,97,Temporal_Pole_Sup_L,Cerebelum_10_L
6133,82,107,83,108,-0.11866945110108347,0.11866945110108347,0.11866945110108347,958,Temporal_Pole_Sup_L,Cerebelum_10_R
6134,82,108,83,109,-0.07550984756190732,0.07550984756190732,0.07550984756190732,1771,Temporal_Pole_Sup_L,Vermis_1_2
6135,82,109,83,110,0.03287588519788743,0.03287588519788743,0.03287588519788743,3381,Temporal_Pole_Sup_L,Vermis_3
6136,82,110,83,111,0.0546157273903313,0.0546157273903313,0.0546157273903313,2414,Temporal_Pole_Sup_L,Vermis_4_5
6137,82,111,83,112,0.09356971223157484,0.09356971223157484,0.09356971223157484,1374,Temporal_Pole_Sup_L,Vermis_6
6138,82,112,83,113,0.06698830416029446,0.06698830416029446,0.06698830416029446,1999,Temporal_Pole_Sup_L,Vermis_7
6139,82,113,83,114,0.11531306554640812,0.11531306554640812,0.11531306554640812,1005,Temporal_Pole_Sup_L,Vermis_8
6140,82,114,83,115,0.02710060545435233,0.02710060545435233,0.02710060545435233,3728,Temporal_Pole_Sup_L,Vermis_9
6141,82,115,83,116,-0.05109345326296051,0.05109345326296051,0.05109345326296051,2541,Temporal_Pole_Sup_L,Vermis_10
6142,83,84,84,85,0.1815176962139681,0.1815176962139681,0.1815176962139681,395,Temporal_Pole_Sup_R,Temporal_Mid_L
6143,83,85,84,86,0.08983646754270992,0.08983646754270992,0.08983646754270992,1439,Temporal_Pole_Sup_R,Temporal_Mid_R
6144,83,86,84,87,-0.010951135795902227,0.010951135795902227,0.010951135795902227,4788,Temporal_Pole_Sup_R,Temporal_Pole_Mid_L
6145,83,87,84,88,-0.04134860509956851,0.04134860509956851,0.04134860509956851,2949,Temporal_Pole_Sup_R,Temporal_Pole_Mid_R
6146,83,88,84,89,-0.15633931282715172,0.15633931282715172,0.15633931282715172,558,Temporal_Pole_Sup_R,Temporal_Inf_L
6147,83,89,84,90,0.026728645511281048,0.026728645511281048,0.026728645511281048,3744,Temporal_Pole_Sup_R,Temporal_Inf_R
6148,83,90,84,91,0.016076551981778434,0.016076551981778434,0.016076551981778434,4405,Temporal_Pole_Sup_R,Cerebelum_Crus1_L
6149,83,91,84,92,-0.13713101019670954,0.13713101019670954,0.13713101019670954,754,Temporal_Pole_Sup_R,Cerebelum_Crus1_R
6150,83,92,84,93,-0.10548818454914909,0.10548818454914909,0.10548818454914909,1152,Temporal_Pole_Sup_R,Cerebelum_Crus2_L
6151,83,93,84,94,-0.07220058081563806,0.07220058081563806,0.07220058081563806,1845,Temporal_Pole_Sup_R,Cerebelum_Crus2_R
6152,83,94,84,95,0.06789095831917118,0.06789095831917118,0.06789095831917118,1965,Temporal_Pole_Sup_R,Cerebelum_3_L
6153,83,95,84,96,-0.008286779458294253,0.008286779458294253,0.008286779458294253,4966,Temporal_Pole_Sup_R,Cerebelum_3_R
6154,83,96,84,97,-0.013238097805161012,0.013238097805161012,0.013238097805161012,4617,Temporal_Pole_Sup_R,Cerebelum_4_5_L
6155,83,97,84,98,-0.007083046887606119,0.007083046887606119,0.007083046887606119,5044,Temporal_Pole_Sup_R,Cerebelum_4_5_R
6156,83,98,84,99,0.1535320105644447,0.1535320105644447,0.1535320105644447,585,Temporal_Pole_Sup_R,Cerebelum_6_L
6157,83,99,84,100,0.13677843871392265,0.13677843871392265,0.13677843871392265,757,Temporal_Pole_Sup_R,Cerebelum_6_R
6158,83,100,84,101,0.06380752396467575,0.06380752396467575,0.06380752396467575,2102,Temporal_Pole_Sup_R,Cerebelum_7b_L
6159,83,101,84,102,0.05075482430242358,0.05075482430242358,0.05075482430242358,2557,Temporal_Pole_Sup_R,Cerebelum_7b_R
6160,83,102,84,103,0.1045783096146018,0.1045783096146018,0.1045783096146018,1163,Temporal_Pole_Sup_R,Cerebelum_8_L
6161,83,103,84,104,0.07164378659566063,0.07164378659566063,0.07164378659566063,1860,Temporal_Pole_Sup_R,Cerebelum_8_R
6162,83,104,84,105,0.03399219542042888,0.03399219542042888,0.03399219542042888,3315,Temporal_Pole_Sup_R,Cerebelum_9_L
6163,83,105,84,106,-0.07129876028689719,0.07129876028689719,0.07129876028689719,1866,Temporal_Pole_Sup_R,Cerebelum_9_R
6164,83,106,84,107,0.1281446758408817,0.1281446758408817,0.1281446758408817,845,Temporal_Pole_Sup_R,Cerebelum_10_L
6165,83,107,84,108,-0.0764195901066159,0.0764195901066159,0.0764195901066159,1747,Temporal_Pole_Sup_R,Cerebelum_10_R
6166,83,108,84,109,-0.09845082120134192,0.09845082120134192,0.09845082120134192,1273,Temporal_Pole_Sup_R,Vermis_1_2
6167,83,109,84,110,0.005940200490778993,0.005940200490778993,0.005940200490778993,5122,Temporal_Pole_Sup_R,Vermis_3
6168,83,110,84,111,0.03869074151978746,0.03869074151978746,0.03869074151978746,3089,Temporal_Pole_Sup_R,Vermis_4_5
6169,83,111,84,112,0.11158676739473024,0.11158676739473024,0.11158676739473024,1063,Temporal_Pole_Sup_R,Vermis_6
6170,83,112,84,113,0.06455496616880214,0.06455496616880214,0.06455496616880214,2076,Temporal_Pole_Sup_R,Vermis_7
6171,83,113,84,114,0.07525899103117473,0.07525899103117473,0.07525899103117473,1777,Temporal_Pole_Sup_R,Vermis_8
6172,83,114,84,115,-0.011817052328010124,0.011817052328010124,0.011817052328010124,4728,Temporal_Pole_Sup_R,Vermis_9
6173,83,115,84,116,0.05714323397231938,0.05714323397231938,0.05714323397231938,2331,Temporal_Pole_Sup_R,Vermis_10
6174,84,85,85,86,0.23511073670551935,0.23511073670551935,0.23511073670551935,203,Temporal_Mid_L,Temporal_Mid_R
6175,84,86,85,87,-0.049858311039795884,0.049858311039795884,0.049858311039795884,2599,Temporal_Mid_L,Temporal_Pole_Mid_L
6176,84,87,85,88,0.1677804978945761,0.1677804978945761,0.1677804978945761,479,Temporal_Mid_L,Temporal_Pole_Mid_R
6177,84,88,85,89,0.16665212317039518,0.16665212317039518,0.16665212317039518,485,Temporal_Mid_L,Temporal_Inf_L
6178,84,89,85,90,0.2895107589749698,0.2895107589749698,0.2895107589749698,88,Temporal_Mid_L,Temporal_Inf_R
6179,84,90,85,91,-0.030542511066812966,0.030542511066812966,0.030542511066812966,3527,Temporal_Mid_L,Cerebelum_Crus1_L
6180,84,91,85,92,0.14153715175960574,0.14153715175960574,0.14153715175960574,712,Temporal_Mid_L,Cerebelum_Crus1_R
6181,84,92,85,93,-0.05360485013312584,0.05360485013312584,0.05360485013312584,2444,Temporal_Mid_L,Cerebelum_Crus2_L
6182,84,93,85,94,0.10295433504432004,0.10295433504432004,0.10295433504432004,1197,Temporal_Mid_L,Cerebelum_Crus2_R
6183,84,94,85,95,0.21546808032309395,0.21546808032309395,0.21546808032309395,257,Temporal_Mid_L,Cerebelum_3_L
6184,84,95,85,96,0.06182923315722636,0.06182923315722636,0.06182923315722636,2165,Temporal_Mid_L,Cerebelum_3_R
6185,84,96,85,97,0.08417667962271205,0.08417667962271205,0.08417667962271205,1556,Temporal_Mid_L,Cerebelum_4_5_L
6186,84,97,85,98,0.1276964058332991,0.1276964058332991,0.1276964058332991,851,Temporal_Mid_L,Cerebelum_4_5_R
6187,84,98,85,99,0.24123403493414108,0.24123403493414108,0.24123403493414108,182,Temporal_Mid_L,Cerebelum_6_L
6188,84,99,85,100,0.1326039704938221,0.1326039704938221,0.1326039704938221,795,Temporal_Mid_L,Cerebelum_6_R
6189,84,100,85,101,0.0788986726806383,0.0788986726806383,0.0788986726806383,1680,Temporal_Mid_L,Cerebelum_7b_L
6190,84,101,85,102,0.06350153132597908,0.06350153132597908,0.06350153132597908,2115,Temporal_Mid_L,Cerebelum_7b_R
6191,84,102,85,103,0.33366993344485296,0.33366993344485296,0.33366993344485296,43,Temporal_Mid_L,Cerebelum_8_L
6192,84,103,85,104,0.26944393694229246,0.26944393694229246,0.26944393694229246,114,Temporal_Mid_L,Cerebelum_8_R
6193,84,104,85,105,0.13020797410511994,0.13020797410511994,0.13020797410511994,821,Temporal_Mid_L,Cerebelum_9_L
6194,84,105,85,106,0.05026438918369935,0.05026438918369935,0.05026438918369935,2576,Temporal_Mid_L,Cerebelum_9_R
6195,84,106,85,107,0.15874066238255374,0.15874066238255374,0.15874066238255374,541,Temporal_Mid_L,Cerebelum_10_L
6196,84,107,85,108,-0.03192974920359702,0.03192974920359702,0.03192974920359702,3440,Temporal_Mid_L,Cerebelum_10_R
6197,84,108,85,109,0.02165573934356684,0.02165573934356684,0.02165573934356684,4075,Temporal_Mid_L,Vermis_1_2
6198,84,109,85,110,0.03050069216299884,0.03050069216299884,0.03050069216299884,3530,Temporal_Mid_L,Vermis_3
6199,84,110,85,111,0.07243782641425732,0.07243782641425732,0.07243782641425732,1841,Temporal_Mid_L,Vermis_4_5
6200,84,111,85,112,0.12149868247456957,0.12149868247456957,0.12149868247456957,918,Temporal_Mid_L,Vermis_6
6201,84,112,85,113,0.14969082954491186,0.14969082954491186,0.14969082954491186,622,Temporal_Mid_L,Vermis_7
6202,84,113,85,114,0.07783933544900319,0.07783933544900319,0.07783933544900319,1708,Temporal_Mid_L,Vermis_8
6203,84,114,85,115,0.08187910361202791,0.08187910361202791,0.08187910361202791,1612,Temporal_Mid_L,Vermis_9
6204,84,115,85,116,0.07610219510349935,0.07610219510349935,0.07610219510349935,1757,Temporal_Mid_L,Vermis_10
6205,85,86,86,87,-0.025150393494314586,0.025150393494314586,0.025150393494314586,3840,Temporal_Mid_R,Temporal_Pole_Mid_L
6206,85,87,86,88,0.004706314400165728,0.004706314400165728,0.004706314400165728,5218,Temporal_Mid_R,Temporal_Pole_Mid_R
6207,85,88,86,89,-0.005584968566898806,0.005584968566898806,0.005584968566898806,5144,Temporal_Mid_R,Temporal_Inf_L
6208,85,89,86,90,-0.054282216637681714,0.054282216637681714,0.054282216637681714,2424,Temporal_Mid_R,Temporal_Inf_R
6209,85,90,86,91,-0.23941407825385458,0.23941407825385458,0.23941407825385458,187,Temporal_Mid_R,Cerebelum_Crus1_L
6210,85,91,86,92,-0.051236302360722664,0.051236302360722664,0.051236302360722664,2536,Temporal_Mid_R,Cerebelum_Crus1_R
6211,85,92,86,93,-0.27099969703867377,0.27099969703867377,0.27099969703867377,111,Temporal_Mid_R,Cerebelum_Crus2_L
6212,85,93,86,94,-0.020245227998853324,0.020245227998853324,0.020245227998853324,4151,Temporal_Mid_R,Cerebelum_Crus2_R
6213,85,94,86,95,0.3933124405926137,0.3933124405926137,0.3933124405926137,27,Temporal_Mid_R,Cerebelum_3_L
6214,85,95,86,96,0.12211207326080242,0.12211207326080242,0.12211207326080242,908,Temporal_Mid_R,Cerebelum_3_R
6215,85,96,86,97,0.10682053401145833,0.10682053401145833,0.10682053401145833,1131,Temporal_Mid_R,Cerebelum_4_5_L
6216,85,97,86,98,0.09187480029945333,0.09187480029945333,0.09187480029945333,1405,Temporal_Mid_R,Cerebelum_4_5_R
6217,85,98,86,99,-0.04485027389733295,0.04485027389733295,0.04485027389733295,2789,Temporal_Mid_R,Cerebelum_6_L
6218,85,99,86,100,0.018414711160186118,0.018414711160186118,0.018414711160186118,4260,Temporal_Mid_R,Cerebelum_6_R
6219,85,100,86,101,-0.08069337105905953,0.08069337105905953,0.08069337105905953,1634,Temporal_Mid_R,Cerebelum_7b_L
6220,85,101,86,102,0.0428379504835395,0.0428379504835395,0.0428379504835395,2876,Temporal_Mid_R,Cerebelum_7b_R
6221,85,102,86,103,-0.08115454868935648,0.08115454868935648,0.08115454868935648,1627,Temporal_Mid_R,Cerebelum_8_L
6222,85,103,86,104,0.078237135801464,0.078237135801464,0.078237135801464,1696,Temporal_Mid_R,Cerebelum_8_R
6223,85,104,86,105,0.03086763084295807,0.03086763084295807,0.03086763084295807,3505,Temporal_Mid_R,Cerebelum_9_L
6224,85,105,86,106,-0.0002980606317965396,0.0002980606317965396,0.0002980606317965396,6646,Temporal_Mid_R,Cerebelum_9_R
6225,85,106,86,107,-0.04685867144109231,0.04685867144109231,0.04685867144109231,2717,Temporal_Mid_R,Cerebelum_10_L
6226,85,107,86,108,0.09635736807457786,0.09635736807457786,0.09635736807457786,1310,Temporal_Mid_R,Cerebelum_10_R
6227,85,108,86,109,-0.008416361127375037,0.008416361127375037,0.008416361127375037,4959,Temporal_Mid_R,Vermis_1_2
6228,85,109,86,110,0.03993978284121076,0.03993978284121076,0.03993978284121076,3033,Temporal_Mid_R,Vermis_3
6229,85,110,86,111,0.09013449826603664,0.09013449826603664,0.09013449826603664,1435,Temporal_Mid_R,Vermis_4_5
6230,85,111,86,112,0.06419283065845893,0.06419283065845893,0.06419283065845893,2087,Temporal_Mid_R,Vermis_6
6231,85,112,86,113,0.12105591125635193,0.12105591125635193,0.12105591125635193,923,Temporal_Mid_R,Vermis_7
6232,85,113,86,114,-0.03777302923614027,0.03777302923614027,0.03777302923614027,3126,Temporal_Mid_R,Vermis_8
6233,85,114,86,115,0.010604751507401242,0.010604751507401242,0.010604751507401242,4806,Temporal_Mid_R,Vermis_9
6234,85,115,86,116,0.02524292528388412,0.02524292528388412,0.02524292528388412,3829,Temporal_Mid_R,Vermis_10
6235,86,87,87,88,0.07090832538365373,0.07090832538365373,0.07090832538365373,1881,Temporal_Pole_Mid_L,Temporal_Pole_Mid_R
6236,86,88,87,89,-0.1006070416909439,0.1006070416909439,0.1006070416909439,1232,Temporal_Pole_Mid_L,Temporal_Inf_L
6237,86,89,87,90,-0.009672773080313612,0.009672773080313612,0.009672773080313612,4871,Temporal_Pole_Mid_L,Temporal_Inf_R
6238,86,90,87,91,-0.0138175534177256,0.0138175534177256,0.0138175534177256,4568,Temporal_Pole_Mid_L,Cerebelum_Crus1_L
6239,86,91,87,92,-0.0731514518527924,0.0731514518527924,0.0731514518527924,1819,Temporal_Pole_Mid_L,Cerebelum_Crus1_R
6240,86,92,87,93,-0.015597608101951647,0.015597608101951647,0.015597608101951647,4445,Temporal_Pole_Mid_L,Cerebelum_Crus2_L
6241,86,93,87,94,-0.06344451917576531,0.06344451917576531,0.06344451917576531,2118,Temporal_Pole_Mid_L,Cerebelum_Crus2_R
6242,86,94,87,95,-0.30823343313462187,0.30823343313462187,0.30823343313462187,68,Temporal_Pole_Mid_L,Cerebelum_3_L
6243,86,95,87,96,-0.018313089459166508,0.018313089459166508,0.018313089459166508,4262,Temporal_Pole_Mid_L,Cerebelum_3_R
6244,86,96,87,97,0.0030850166574145697,0.0030850166574145697,0.0030850166574145697,5346,Temporal_Pole_Mid_L,Cerebelum_4_5_L
6245,86,97,87,98,0.1105192921359852,0.1105192921359852,0.1105192921359852,1078,Temporal_Pole_Mid_L,Cerebelum_4_5_R
6246,86,98,87,99,0.19164989618517494,0.19164989618517494,0.19164989618517494,347,Temporal_Pole_Mid_L,Cerebelum_6_L
6247,86,99,87,100,0.18134450229699092,0.18134450229699092,0.18134450229699092,396,Temporal_Pole_Mid_L,Cerebelum_6_R
6248,86,100,87,101,0.22811247528911197,0.22811247528911197,0.22811247528911197,217,Temporal_Pole_Mid_L,Cerebelum_7b_L
6249,86,101,87,102,0.22928865496525733,0.22928865496525733,0.22928865496525733,214,Temporal_Pole_Mid_L,Cerebelum_7b_R
6250,86,102,87,103,0.32052670001430345,0.32052670001430345,0.32052670001430345,59,Temporal_Pole_Mid_L,Cerebelum_8_L
6251,86,103,87,104,0.2814437694380781,0.2814437694380781,0.2814437694380781,99,Temporal_Pole_Mid_L,Cerebelum_8_R
6252,86,104,87,105,0.03214367040483385,0.03214367040483385,0.03214367040483385,3425,Temporal_Pole_Mid_L,Cerebelum_9_L
6253,86,105,87,106,0.08003633344234487,0.08003633344234487,0.08003633344234487,1657,Temporal_Pole_Mid_L,Cerebelum_9_R
6254,86,106,87,107,-0.17027938140372126,0.17027938140372126,0.17027938140372126,470,Temporal_Pole_Mid_L,Cerebelum_10_L
6255,86,107,87,108,-0.007803264444526625,0.007803264444526625,0.007803264444526625,5000,Temporal_Pole_Mid_L,Cerebelum_10_R
6256,86,108,87,109,0.01446094587638353,0.01446094587638353,0.01446094587638353,4516,Temporal_Pole_Mid_L,Vermis_1_2
6257,86,109,87,110,-0.007717350846633466,0.007717350846633466,0.007717350846633466,5005,Temporal_Pole_Mid_L,Vermis_3
6258,86,110,87,111,0.07253457511592819,0.07253457511592819,0.07253457511592819,1840,Temporal_Pole_Mid_L,Vermis_4_5
6259,86,111,87,112,0.1667776103393446,0.1667776103393446,0.1667776103393446,484,Temporal_Pole_Mid_L,Vermis_6
6260,86,112,87,113,0.044823326737227984,0.044823326737227984,0.044823326737227984,2791,Temporal_Pole_Mid_L,Vermis_7
6261,86,113,87,114,0.06147847704819174,0.06147847704819174,0.06147847704819174,2182,Temporal_Pole_Mid_L,Vermis_8
6262,86,114,87,115,0.017626559974394107,0.017626559974394107,0.017626559974394107,4302,Temporal_Pole_Mid_L,Vermis_9
6263,86,115,87,116,0.1730110924264944,0.1730110924264944,0.1730110924264944,452,Temporal_Pole_Mid_L,Vermis_10
6264,87,88,88,89,0.022516998713847828,0.022516998713847828,0.022516998713847828,4014,Temporal_Pole_Mid_R,Temporal_Inf_L
6265,87,89,88,90,-0.13364886847352817,0.13364886847352817,0.13364886847352817,783,Temporal_Pole_Mid_R,Temporal_Inf_R
6266,87,90,88,91,-0.057127790296590826,0.057127790296590826,0.057127790296590826,2333,Temporal_Pole_Mid_R,Cerebelum_Crus1_L
6267,87,91,88,92,0.01662519844504304,0.01662519844504304,0.01662519844504304,4366,Temporal_Pole_Mid_R,Cerebelum_Crus1_R
6268,87,92,88,93,0.015742980979976413,0.015742980979976413,0.015742980979976413,4435,Temporal_Pole_Mid_R,Cerebelum_Crus2_L
6269,87,93,88,94,0.0668097455895002,0.0668097455895002,0.0668097455895002,2006,Temporal_Pole_Mid_R,Cerebelum_Crus2_R
6270,87,94,88,95,0.02858011528582904,0.02858011528582904,0.02858011528582904,3630,Temporal_Pole_Mid_R,Cerebelum_3_L
6271,87,95,88,96,-0.19056515028770138,0.19056515028770138,0.19056515028770138,352,Temporal_Pole_Mid_R,Cerebelum_3_R
6272,87,96,88,97,-0.054646509867117055,0.054646509867117055,0.054646509867117055,2413,Temporal_Pole_Mid_R,Cerebelum_4_5_L
6273,87,97,88,98,-0.005208347444684508,0.005208347444684508,0.005208347444684508,5178,Temporal_Pole_Mid_R,Cerebelum_4_5_R
6274,87,98,88,99,-0.02334406287002707,0.02334406287002707,0.02334406287002707,3946,Temporal_Pole_Mid_R,Cerebelum_6_L
6275,87,99,88,100,0.044479705298718024,0.044479705298718024,0.044479705298718024,2808,Temporal_Pole_Mid_R,Cerebelum_6_R
6276,87,100,88,101,-0.25485094116719326,0.25485094116719326,0.25485094116719326,137,Temporal_Pole_Mid_R,Cerebelum_7b_L
6277,87,101,88,102,0.05476742294902398,0.05476742294902398,0.05476742294902398,2412,Temporal_Pole_Mid_R,Cerebelum_7b_R
6278,87,102,88,103,-0.14560093286792425,0.14560093286792425,0.14560093286792425,667,Temporal_Pole_Mid_R,Cerebelum_8_L
6279,87,103,88,104,-0.09583243784095145,0.09583243784095145,0.09583243784095145,1322,Temporal_Pole_Mid_R,Cerebelum_8_R
6280,87,104,88,105,-0.11638997640734365,0.11638997640734365,0.11638997640734365,985,Temporal_Pole_Mid_R,Cerebelum_9_L
6281,87,105,88,106,-0.15381252207743815,0.15381252207743815,0.15381252207743815,582,Temporal_Pole_Mid_R,Cerebelum_9_R
6282,87,106,88,107,-0.01513428773710581,0.01513428773710581,0.01513428773710581,4470,Temporal_Pole_Mid_R,Cerebelum_10_L
6283,87,107,88,108,-0.18334364430202785,0.18334364430202785,0.18334364430202785,390,Temporal_Pole_Mid_R,Cerebelum_10_R
6284,87,108,88,109,-0.02779258264833071,0.02779258264833071,0.02779258264833071,3684,Temporal_Pole_Mid_R,Vermis_1_2
6285,87,109,88,110,0.06787229503636126,0.06787229503636126,0.06787229503636126,1967,Temporal_Pole_Mid_R,Vermis_3
6286,87,110,88,111,0.0443043698016215,0.0443043698016215,0.0443043698016215,2812,Temporal_Pole_Mid_R,Vermis_4_5
6287,87,111,88,112,0.0240216824218261,0.0240216824218261,0.0240216824218261,3904,Temporal_Pole_Mid_R,Vermis_6
6288,87,112,88,113,0.0001845465427362098,0.0001845465427362098,0.0001845465427362098,6656,Temporal_Pole_Mid_R,Vermis_7
6289,87,113,88,114,-0.03347377136221366,0.03347377136221366,0.03347377136221366,3342,Temporal_Pole_Mid_R,Vermis_8
6290,87,114,88,115,-0.04344624391396756,0.04344624391396756,0.04344624391396756,2854,Temporal_Pole_Mid_R,Vermis_9
6291,87,115,88,116,0.035555201687297075,0.035555201687297075,0.035555201687297075,3219,Temporal_Pole_Mid_R,Vermis_10
6292,88,89,89,90,-0.04190742629791944,0.04190742629791944,0.04190742629791944,2917,Temporal_Inf_L,Temporal_Inf_R
6293,88,90,89,91,0.01942383269810574,0.01942383269810574,0.01942383269810574,4196,Temporal_Inf_L,Cerebelum_Crus1_L
6294,88,91,89,92,-0.0992311121710921,0.0992311121710921,0.0992311121710921,1261,Temporal_Inf_L,Cerebelum_Crus1_R
6295,88,92,89,93,-0.2572356991264808,0.2572356991264808,0.2572356991264808,134,Temporal_Inf_L,Cerebelum_Crus2_L
6296,88,93,89,94,-0.026211667760949544,0.026211667760949544,0.026211667760949544,3783,Temporal_Inf_L,Cerebelum_Crus2_R
6297,88,94,89,95,-0.21416214182511625,0.21416214182511625,0.21416214182511625,261,Temporal_Inf_L,Cerebelum_3_L
6298,88,95,89,96,-0.02441967566834619,0.02441967566834619,0.02441967566834619,3885,Temporal_Inf_L,Cerebelum_3_R
6299,88,96,89,97,-0.0891800015494533,0.0891800015494533,0.0891800015494533,1454,Temporal_Inf_L,Cerebelum_4_5_L
6300,88,97,89,98,0.022674192071066905,0.022674192071066905,0.022674192071066905,4003,Temporal_Inf_L,Cerebelum_4_5_R
6301,88,98,89,99,0.22334733052269437,0.22334733052269437,0.22334733052269437,230,Temporal_Inf_L,Cerebelum_6_L
6302,88,99,89,100,0.08395139837615476,0.08395139837615476,0.08395139837615476,1561,Temporal_Inf_L,Cerebelum_6_R
6303,88,100,89,101,0.22075150586513878,0.22075150586513878,0.22075150586513878,239,Temporal_Inf_L,Cerebelum_7b_L
6304,88,101,89,102,0.06374331488263717,0.06374331488263717,0.06374331488263717,2105,Temporal_Inf_L,Cerebelum_7b_R
6305,88,102,89,103,0.01385634529069463,0.01385634529069463,0.01385634529069463,4565,Temporal_Inf_L,Cerebelum_8_L
6306,88,103,89,104,-0.07471335782916844,0.07471335782916844,0.07471335782916844,1788,Temporal_Inf_L,Cerebelum_8_R
6307,88,104,89,105,-0.024628237543440776,0.024628237543440776,0.024628237543440776,3864,Temporal_Inf_L,Cerebelum_9_L
6308,88,105,89,106,0.09998576448175121,0.09998576448175121,0.09998576448175121,1243,Temporal_Inf_L,Cerebelum_9_R
6309,88,106,89,107,-0.16722737885849476,0.16722737885849476,0.16722737885849476,481,Temporal_Inf_L,Cerebelum_10_L
6310,88,107,89,108,-0.17622292690272148,0.17622292690272148,0.17622292690272148,429,Temporal_Inf_L,Cerebelum_10_R
6311,88,108,89,109,-0.04711789182776579,0.04711789182776579,0.04711789182776579,2697,Temporal_Inf_L,Vermis_1_2
6312,88,109,89,110,-0.016262320851135353,0.016262320851135353,0.016262320851135353,4394,Temporal_Inf_L,Vermis_3
6313,88,110,89,111,0.06569186268095911,0.06569186268095911,0.06569186268095911,2045,Temporal_Inf_L,Vermis_4_5
6314,88,111,89,112,-0.00017822235355482627,0.00017822235355482627,0.00017822235355482627,6657,Temporal_Inf_L,Vermis_6
6315,88,112,89,113,0.05972439232727401,0.05972439232727401,0.05972439232727401,2236,Temporal_Inf_L,Vermis_7
6316,88,113,89,114,-0.041723634278934496,0.041723634278934496,0.041723634278934496,2932,Temporal_Inf_L,Vermis_8
6317,88,114,89,115,0.007370391317831966,0.007370391317831966,0.007370391317831966,5026,Temporal_Inf_L,Vermis_9
6318,88,115,89,116,-0.014875534942032274,0.014875534942032274,0.014875534942032274,4486,Temporal_Inf_L,Vermis_10
6319,89,90,90,91,0.1644406488355642,0.1644406488355642,0.1644406488355642,502,Temporal_Inf_R,Cerebelum_Crus1_L
6320,89,91,90,92,0.11619034970012443,0.11619034970012443,0.11619034970012443,990,Temporal_Inf_R,Cerebelum_Crus1_R
6321,89,92,90,93,-0.09064351527281901,0.09064351527281901,0.09064351527281901,1428,Temporal_Inf_R,Cerebelum_Crus2_L
6322,89,93,90,94,0.09759665520299962,0.09759665520299962,0.09759665520299962,1289,Temporal_Inf_R,Cerebelum_Crus2_R
6323,89,94,90,95,0.0778718379925199,0.0778718379925199,0.0778718379925199,1707,Temporal_Inf_R,Cerebelum_3_L
6324,89,95,90,96,-0.019920313603032463,0.019920313603032463,0.019920313603032463,4166,Temporal_Inf_R,Cerebelum_3_R
6325,89,96,90,97,-0.045654093287544044,0.045654093287544044,0.045654093287544044,2763,Temporal_Inf_R,Cerebelum_4_5_L
6326,89,97,90,98,-0.11945584102843375,0.11945584102843375,0.11945584102843375,949,Temporal_Inf_R,Cerebelum_4_5_R
6327,89,98,90,99,0.22195042799885997,0.22195042799885997,0.22195042799885997,233,Temporal_Inf_R,Cerebelum_6_L
6328,89,99,90,100,0.25224476338398927,0.25224476338398927,0.25224476338398927,148,Temporal_Inf_R,Cerebelum_6_R
6329,89,100,90,101,0.4045521899930039,0.4045521899930039,0.4045521899930039,26,Temporal_Inf_R,Cerebelum_7b_L
6330,89,101,90,102,0.21794773553796318,0.21794773553796318,0.21794773553796318,250,Temporal_Inf_R,Cerebelum_7b_R
6331,89,102,90,103,0.07932075189226968,0.07932075189226968,0.07932075189226968,1670,Temporal_Inf_R,Cerebelum_8_L
6332,89,103,90,104,0.015985762430682705,0.015985762430682705,0.015985762430682705,4414,Temporal_Inf_R,Cerebelum_8_R
6333,89,104,90,105,0.017995484608491,0.017995484608491,0.017995484608491,4280,Temporal_Inf_R,Cerebelum_9_L
6334,89,105,90,106,0.06625533117156705,0.06625533117156705,0.06625533117156705,2028,Temporal_Inf_R,Cerebelum_9_R
6335,89,106,90,107,0.017191950980049647,0.017191950980049647,0.017191950980049647,4323,Temporal_Inf_R,Cerebelum_10_L
6336,89,107,90,108,0.13859486564977905,0.13859486564977905,0.13859486564977905,744,Temporal_Inf_R,Cerebelum_10_R
6337,89,108,90,109,-0.04509667420330257,0.04509667420330257,0.04509667420330257,2778,Temporal_Inf_R,Vermis_1_2
6338,89,109,90,110,0.01802574285559077,0.01802574285559077,0.01802574285559077,4278,Temporal_Inf_R,Vermis_3
6339,89,110,90,111,0.02640054698078262,0.02640054698078262,0.02640054698078262,3769,Temporal_Inf_R,Vermis_4_5
6340,89,111,90,112,-0.02737123286599746,0.02737123286599746,0.02737123286599746,3709,Temporal_Inf_R,Vermis_6
6341,89,112,90,113,0.09821592155657316,0.09821592155657316,0.09821592155657316,1277,Temporal_Inf_R,Vermis_7
6342,89,113,90,114,-0.04079432112791819,0.04079432112791819,0.04079432112791819,2988,Temporal_Inf_R,Vermis_8
6343,89,114,90,115,-0.01779323901651517,0.01779323901651517,0.01779323901651517,4291,Temporal_Inf_R,Vermis_9
6344,89,115,90,116,-0.06432290932242041,0.06432290932242041,0.06432290932242041,2082,Temporal_Inf_R,Vermis_10
6345,90,91,91,92,0.1507150289582328,0.1507150289582328,0.1507150289582328,618,Cerebelum_Crus1_L,Cerebelum_Crus1_R
6346,90,92,91,93,0.04751914919029927,0.04751914919029927,0.04751914919029927,2680,Cerebelum_Crus1_L,Cerebelum_Crus2_L
6347,90,93,91,94,-0.14772125001885159,0.14772125001885159,0.14772125001885159,641,Cerebelum_Crus1_L,Cerebelum_Crus2_R
6348,90,94,91,95,-0.052747926634649694,0.052747926634649694,0.052747926634649694,2474,Cerebelum_Crus1_L,Cerebelum_3_L
6349,90,95,91,96,0.1295055764190373,0.1295055764190373,0.1295055764190373,830,Cerebelum_Crus1_L,Cerebelum_3_R
6350,90,96,91,97,-0.10686207188801776,0.10686207188801776,0.10686207188801776,1130,Cerebelum_Crus1_L,Cerebelum_4_5_L
6351,90,97,91,98,-0.08453507113755902,0.08453507113755902,0.08453507113755902,1550,Cerebelum_Crus1_L,Cerebelum_4_5_R
6352,90,98,91,99,0.13188887855489131,0.13188887855489131,0.13188887855489131,800,Cerebelum_Crus1_L,Cerebelum_6_L
6353,90,99,91,100,0.018477902890529578,0.018477902890529578,0.018477902890529578,4254,Cerebelum_Crus1_L,Cerebelum_6_R
6354,90,100,91,101,-0.03159090831215101,0.03159090831215101,0.03159090831215101,3455,Cerebelum_Crus1_L,Cerebelum_7b_L
6355,90,101,91,102,0.006716462028432445,0.006716462028432445,0.006716462028432445,5069,Cerebelum_Crus1_L,Cerebelum_7b_R
6356,90,102,91,103,0.11574711753776122,0.11574711753776122,0.11574711753776122,997,Cerebelum_Crus1_L,Cerebelum_8_L
6357,90,103,91,104,0.11646170556408114,0.11646170556408114,0.11646170556408114,983,Cerebelum_Crus1_L,Cerebelum_8_R
6358,90,104,91,105,-0.01678587181548714,0.01678587181548714,0.01678587181548714,4351,Cerebelum_Crus1_L,Cerebelum_9_L
6359,90,105,91,106,-0.09519053684548358,0.09519053684548358,0.09519053684548358,1332,Cerebelum_Crus1_L,Cerebelum_9_R
6360,90,106,91,107,-0.18928981489257712,0.18928981489257712,0.18928981489257712,369,Cerebelum_Crus1_L,Cerebelum_10_L
6361,90,107,91,108,0.12393337045938968,0.12393337045938968,0.12393337045938968,888,Cerebelum_Crus1_L,Cerebelum_10_R
6362,90,108,91,109,-0.005267987454385823,0.005267987454385823,0.005267987454385823,5173,Cerebelum_Crus1_L,Vermis_1_2
6363,90,109,91,110,0.04880457389262456,0.04880457389262456,0.04880457389262456,2631,Cerebelum_Crus1_L,Vermis_3
6364,90,110,91,111,0.008686378646152,0.008686378646152,0.008686378646152,4939,Cerebelum_Crus1_L,Vermis_4_5
6365,90,111,91,112,-0.13994203488532314,0.13994203488532314,0.13994203488532314,730,Cerebelum_Crus1_L,Vermis_6
6366,90,112,91,113,-0.05812228785575011,0.05812228785575011,0.05812228785575011,2291,Cerebelum_Crus1_L,Vermis_7
6367,90,113,91,114,-0.10664530341541192,0.10664530341541192,0.10664530341541192,1135,Cerebelum_Crus1_L,Vermis_8
6368,90,114,91,115,-0.05282916802503262,0.05282916802503262,0.05282916802503262,2471,Cerebelum_Crus1_L,Vermis_9
6369,90,115,91,116,-0.07671614288541796,0.07671614288541796,0.07671614288541796,1739,Cerebelum_Crus1_L,Vermis_10
6370,91,92,92,93,0.20041702611908402,0.20041702611908402,0.20041702611908402,302,Cerebelum_Crus1_R,Cerebelum_Crus2_L
6371,91,93,92,94,0.12451362673058525,0.12451362673058525,0.12451362673058525,881,Cerebelum_Crus1_R,Cerebelum_Crus2_R
6372,91,94,92,95,-0.08871447638914567,0.08871447638914567,0.08871447638914567,1466,Cerebelum_Crus1_R,Cerebelum_3_L
6373,91,95,92,96,0.14646541026387963,0.14646541026387963,0.14646541026387963,657,Cerebelum_Crus1_R,Cerebelum_3_R
6374,91,96,92,97,-0.039940056653208385,0.039940056653208385,0.039940056653208385,3032,Cerebelum_Crus1_R,Cerebelum_4_5_L
6375,91,97,92,98,-0.004282630274281836,0.004282630274281836,0.004282630274281836,5247,Cerebelum_Crus1_R,Cerebelum_4_5_R
6376,91,98,92,99,0.17421323146564974,0.17421323146564974,0.17421323146564974,445,Cerebelum_Crus1_R,Cerebelum_6_L
6377,91,99,92,100,0.17142259323188508,0.17142259323188508,0.17142259323188508,464,Cerebelum_Crus1_R,Cerebelum_6_R
6378,91,100,92,101,0.10718569504020618,0.10718569504020618,0.10718569504020618,1124,Cerebelum_Crus1_R,Cerebelum_7b_L
6379,91,101,92,102,-0.01430530890964186,0.01430530890964186,0.01430530890964186,4531,Cerebelum_Crus1_R,Cerebelum_7b_R
6380,91,102,92,103,0.1736627640139544,0.1736627640139544,0.1736627640139544,448,Cerebelum_Crus1_R,Cerebelum_8_L
6381,91,103,92,104,0.1898213215459952,0.1898213215459952,0.1898213215459952,361,Cerebelum_Crus1_R,Cerebelum_8_R
6382,91,104,92,105,-0.021618807431973783,0.021618807431973783,0.021618807431973783,4079,Cerebelum_Crus1_R,Cerebelum_9_L
6383,91,105,92,106,0.22746236995703292,0.22746236995703292,0.22746236995703292,221,Cerebelum_Crus1_R,Cerebelum_9_R
6384,91,106,92,107,-0.10518729102720314,0.10518729102720314,0.10518729102720314,1157,Cerebelum_Crus1_R,Cerebelum_10_L
6385,91,107,92,108,-0.07211038947212357,0.07211038947212357,0.07211038947212357,1846,Cerebelum_Crus1_R,Cerebelum_10_R
6386,91,108,92,109,-0.022993400063726997,0.022993400063726997,0.022993400063726997,3976,Cerebelum_Crus1_R,Vermis_1_2
6387,91,109,92,110,0.06183738835773353,0.06183738835773353,0.06183738835773353,2163,Cerebelum_Crus1_R,Vermis_3
6388,91,110,92,111,-0.011585850657958316,0.011585850657958316,0.011585850657958316,4745,Cerebelum_Crus1_R,Vermis_4_5
6389,91,111,92,112,-0.06798134368662963,0.06798134368662963,0.06798134368662963,1961,Cerebelum_Crus1_R,Vermis_6
6390,91,112,92,113,-0.045927844296663016,0.045927844296663016,0.045927844296663016,2745,Cerebelum_Crus1_R,Vermis_7
6391,91,113,92,114,-0.06724877387433466,0.06724877387433466,0.06724877387433466,1986,Cerebelum_Crus1_R,Vermis_8
6392,91,114,92,115,-0.03170624766894528,0.03170624766894528,0.03170624766894528,3450,Cerebelum_Crus1_R,Vermis_9
6393,91,115,92,116,0.04588758754938847,0.04588758754938847,0.04588758754938847,2748,Cerebelum_Crus1_R,Vermis_10
6394,92,93,93,94,-0.10426046016038176,0.10426046016038176,0.10426046016038176,1169,Cerebelum_Crus2_L,Cerebelum_Crus2_R
6395,92,94,93,95,0.046219505677685485,0.046219505677685485,0.046219505677685485,2737,Cerebelum_Crus2_L,Cerebelum_3_L
6396,92,95,93,96,0.2728506865395771,0.2728506865395771,0.2728506865395771,109,Cerebelum_Crus2_L,Cerebelum_3_R
6397,92,96,93,97,0.033481520125844266,0.033481520125844266,0.033481520125844266,3341,Cerebelum_Crus2_L,Cerebelum_4_5_L
6398,92,97,93,98,0.016337680386812027,0.016337680386812027,0.016337680386812027,4388,Cerebelum_Crus2_L,Cerebelum_4_5_R
6399,92,98,93,99,0.20844029000890987,0.20844029000890987,0.20844029000890987,278,Cerebelum_Crus2_L,Cerebelum_6_L
6400,92,99,93,100,0.10802795155210718,0.10802795155210718,0.10802795155210718,1109,Cerebelum_Crus2_L,Cerebelum_6_R
6401,92,100,93,101,0.3516601197370219,0.3516601197370219,0.3516601197370219,35,Cerebelum_Crus2_L,Cerebelum_7b_L
6402,92,101,93,102,0.07670773837347532,0.07670773837347532,0.07670773837347532,1740,Cerebelum_Crus2_L,Cerebelum_7b_R
6403,92,102,93,103,0.2829366089696441,0.2829366089696441,0.2829366089696441,98,Cerebelum_Crus2_L,Cerebelum_8_L
6404,92,103,93,104,0.19619784313728578,0.19619784313728578,0.19619784313728578,319,Cerebelum_Crus2_L,Cerebelum_8_R
6405,92,104,93,105,-0.013080344007491309,0.013080344007491309,0.013080344007491309,4627,Cerebelum_Crus2_L,Cerebelum_9_L
6406,92,105,93,106,-0.015541274336753019,0.015541274336753019,0.015541274336753019,4448,Cerebelum_Crus2_L,Cerebelum_9_R
6407,92,106,93,107,-0.015997432316834044,0.015997432316834044,0.015997432316834044,4411,Cerebelum_Crus2_L,Cerebelum_10_L
6408,92,107,93,108,0.11890753624499367,0.11890753624499367,0.11890753624499367,954,Cerebelum_Crus2_L,Cerebelum_10_R
6409,92,108,93,109,0.06405944459090207,0.06405944459090207,0.06405944459090207,2092,Cerebelum_Crus2_L,Vermis_1_2
6410,92,109,93,110,0.10184863895190167,0.10184863895190167,0.10184863895190167,1213,Cerebelum_Crus2_L,Vermis_3
6411,92,110,93,111,0.0870748391970181,0.0870748391970181,0.0870748391970181,1498,Cerebelum_Crus2_L,Vermis_4_5
6412,92,111,93,112,-0.00590475611789804,0.00590475611789804,0.00590475611789804,5124,Cerebelum_Crus2_L,Vermis_6
6413,92,112,93,113,0.0532107538462606,0.0532107538462606,0.0532107538462606,2461,Cerebelum_Crus2_L,Vermis_7
6414,92,113,93,114,-0.09524512373762713,0.09524512373762713,0.09524512373762713,1330,Cerebelum_Crus2_L,Vermis_8
6415,92,114,93,115,0.06241643117663977,0.06241643117663977,0.06241643117663977,2146,Cerebelum_Crus2_L,Vermis_9
6416,92,115,93,116,0.0442149118246432,0.0442149118246432,0.0442149118246432,2816,Cerebelum_Crus2_L,Vermis_10
6417,93,94,94,95,-0.06462673338926482,0.06462673338926482,0.06462673338926482,2071,Cerebelum_Crus2_R,Cerebelum_3_L
6418,93,95,94,96,0.043820558228042594,0.043820558228042594,0.043820558228042594,2835,Cerebelum_Crus2_R,Cerebelum_3_R
6419,93,96,94,97,0.015161249118628976,0.015161249118628976,0.015161249118628976,4467,Cerebelum_Crus2_R,Cerebelum_4_5_L
6420,93,97,94,98,0.022840445247677896,0.022840445247677896,0.022840445247677896,3992,Cerebelum_Crus2_R,Cerebelum_4_5_R
6421,93,98,94,99,0.21867896191635303,0.21867896191635303,0.21867896191635303,246,Cerebelum_Crus2_R,Cerebelum_6_L
6422,93,99,94,100,0.22995933066407753,0.22995933066407753,0.22995933066407753,213,Cerebelum_Crus2_R,Cerebelum_6_R
6423,93,100,94,101,0.14554838575891718,0.14554838575891718,0.14554838575891718,668,Cerebelum_Crus2_R,Cerebelum_7b_L
6424,93,101,94,102,0.028258317327299668,0.028258317327299668,0.028258317327299668,3647,Cerebelum_Crus2_R,Cerebelum_7b_R
6425,93,102,94,103,0.2706314333176618,0.2706314333176618,0.2706314333176618,113,Cerebelum_Crus2_R,Cerebelum_8_L
6426,93,103,94,104,0.15160918219613057,0.15160918219613057,0.15160918219613057,610,Cerebelum_Crus2_R,Cerebelum_8_R
6427,93,104,94,105,0.052416464473638236,0.052416464473638236,0.052416464473638236,2489,Cerebelum_Crus2_R,Cerebelum_9_L
6428,93,105,94,106,0.20239711996506876,0.20239711996506876,0.20239711996506876,296,Cerebelum_Crus2_R,Cerebelum_9_R
6429,93,106,94,107,0.011976363445448399,0.011976363445448399,0.011976363445448399,4713,Cerebelum_Crus2_R,Cerebelum_10_L
6430,93,107,94,108,-0.12506545630106772,0.12506545630106772,0.12506545630106772,874,Cerebelum_Crus2_R,Cerebelum_10_R
6431,93,108,94,109,-0.026441779609659728,0.026441779609659728,0.026441779609659728,3764,Cerebelum_Crus2_R,Vermis_1_2
6432,93,109,94,110,0.022708963051048543,0.022708963051048543,0.022708963051048543,3998,Cerebelum_Crus2_R,Vermis_3
6433,93,110,94,111,0.03310826261453446,0.03310826261453446,0.03310826261453446,3366,Cerebelum_Crus2_R,Vermis_4_5
6434,93,111,94,112,-0.03684920529424608,0.03684920529424608,0.03684920529424608,3170,Cerebelum_Crus2_R,Vermis_6
6435,93,112,94,113,-0.02022325581731816,0.02022325581731816,0.02022325581731816,4154,Cerebelum_Crus2_R,Vermis_7
6436,93,113,94,114,-0.06718753234938026,0.06718753234938026,0.06718753234938026,1988,Cerebelum_Crus2_R,Vermis_8
6437,93,114,94,115,-0.059147652144036195,0.059147652144036195,0.059147652144036195,2258,Cerebelum_Crus2_R,Vermis_9
6438,93,115,94,116,-0.026830611546442878,0.026830611546442878,0.026830611546442878,3737,Cerebelum_Crus2_R,Vermis_10
6439,94,95,95,96,0.22001471218938934,0.22001471218938934,0.22001471218938934,243,Cerebelum_3_L,Cerebelum_3_R
6440,94,96,95,97,-0.19260869260422953,0.19260869260422953,0.19260869260422953,341,Cerebelum_3_L,Cerebelum_4_5_L
6441,94,97,95,98,-0.07777875586592117,0.07777875586592117,0.07777875586592117,1710,Cerebelum_3_L,Cerebelum_4_5_R
6442,94,98,95,99,-0.005765196772570037,0.005765196772570037,0.005765196772570037,5130,Cerebelum_3_L,Cerebelum_6_L
6443,94,99,95,100,-0.1054579513646296,0.1054579513646296,0.1054579513646296,1153,Cerebelum_3_L,Cerebelum_6_R
6444,94,100,95,101,0.13420106615606342,0.13420106615606342,0.13420106615606342,779,Cerebelum_3_L,Cerebelum_7b_L
6445,94,101,95,102,0.021034426116890586,0.021034426116890586,0.021034426116890586,4105,Cerebelum_3_L,Cerebelum_7b_R
6446,94,102,95,103,-0.28057610507130837,0.28057610507130837,0.28057610507130837,101,Cerebelum_3_L,Cerebelum_8_L
6447,94,103,95,104,0.026420027306742023,0.026420027306742023,0.026420027306742023,3766,Cerebelum_3_L,Cerebelum_8_R
6448,94,104,95,105,-0.023416125494881194,0.023416125494881194,0.023416125494881194,3941,Cerebelum_3_L,Cerebelum_9_L
6449,94,105,95,106,0.035040144323979186,0.035040144323979186,0.035040144323979186,3249,Cerebelum_3_L,Cerebelum_9_R
6450,94,106,95,107,0.0970663430583928,0.0970663430583928,0.0970663430583928,1300,Cerebelum_3_L,Cerebelum_10_L
6451,94,107,95,108,0.07733849951342919,0.07733849951342919,0.07733849951342919,1723,Cerebelum_3_L,Cerebelum_10_R
6452,94,108,95,109,0.04796823808881337,0.04796823808881337,0.04796823808881337,2663,Cerebelum_3_L,Vermis_1_2
6453,94,109,95,110,0.059189930306833345,0.059189930306833345,0.059189930306833345,2254,Cerebelum_3_L,Vermis_3
6454,94,110,95,111,0.012662274525639778,0.012662274525639778,0.012662274525639778,4659,Cerebelum_3_L,Vermis_4_5
6455,94,111,95,112,-0.05791068398998652,0.05791068398998652,0.05791068398998652,2303,Cerebelum_3_L,Vermis_6
6456,94,112,95,113,-0.008428310921609922,0.008428310921609922,0.008428310921609922,4955,Cerebelum_3_L,Vermis_7
6457,94,113,95,114,0.032072082966391725,0.032072082966391725,0.032072082966391725,3428,Cerebelum_3_L,Vermis_8
6458,94,114,95,115,0.009694174839176502,0.009694174839176502,0.009694174839176502,4869,Cerebelum_3_L,Vermis_9
6459,94,115,95,116,0.153132038471049,0.153132038471049,0.153132038471049,590,Cerebelum_3_L,Vermis_10
6460,95,96,96,97,-0.07097479033612648,0.07097479033612648,0.07097479033612648,1877,Cerebelum_3_R,Cerebelum_4_5_L
6461,95,97,96,98,-0.18221172338559735,0.18221172338559735,0.18221172338559735,393,Cerebelum_3_R,Cerebelum_4_5_R
6462,95,98,96,99,0.035006964228387075,0.035006964228387075,0.035006964228387075,3254,Cerebelum_3_R,Cerebelum_6_L
6463,95,99,96,100,-0.16542627711490182,0.16542627711490182,0.16542627711490182,492,Cerebelum_3_R,Cerebelum_6_R
6464,95,100,96,101,0.21602853584445442,0.21602853584445442,0.21602853584445442,254,Cerebelum_3_R,Cerebelum_7b_L
6465,95,101,96,102,-0.2378477659221892,0.2378477659221892,0.2378477659221892,190,Cerebelum_3_R,Cerebelum_7b_R
6466,95,102,96,103,0.11757900348945657,0.11757900348945657,0.11757900348945657,969,Cerebelum_3_R,Cerebelum_8_L
6467,95,103,96,104,-0.008831288681262142,0.008831288681262142,0.008831288681262142,4928,Cerebelum_3_R,Cerebelum_8_R
6468,95,104,96,105,0.2139730049206262,0.2139730049206262,0.2139730049206262,263,Cerebelum_3_R,Cerebelum_9_L
6469,95,105,96,106,0.14567210274588638,0.14567210274588638,0.14567210274588638,666,Cerebelum_3_R,Cerebelum_9_R
6470,95,106,96,107,0.006868335901489424,0.006868335901489424,0.006868335901489424,5056,Cerebelum_3_R,Cerebelum_10_L
6471,95,107,96,108,0.336303166802314,0.336303166802314,0.336303166802314,40,Cerebelum_3_R,Cerebelum_10_R
6472,95,108,96,109,-0.019890509228085756,0.019890509228085756,0.019890509228085756,4167,Cerebelum_3_R,Vermis_1_2
6473,95,109,96,110,0.002101438515536524,0.002101438515536524,0.002101438515536524,5415,Cerebelum_3_R,Vermis_3
6474,95,110,96,111,0.01644484517455314,0.01644484517455314,0.01644484517455314,4379,Cerebelum_3_R,Vermis_4_5
6475,95,111,96,112,-0.14076321149025706,0.14076321149025706,0.14076321149025706,722,Cerebelum_3_R,Vermis_6
6476,95,112,96,113,-0.06745643971285528,0.06745643971285528,0.06745643971285528,1980,Cerebelum_3_R,Vermis_7
6477,95,113,96,114,-0.006843462155627213,0.006843462155627213,0.006843462155627213,5057,Cerebelum_3_R,Vermis_8
6478,95,114,96,115,-0.061394147525391296,0.061394147525391296,0.061394147525391296,2186,Cerebelum_3_R,Vermis_9
6479,95,115,96,116,-0.07000464786344797,0.07000464786344797,0.07000464786344797,1905,Cerebelum_3_R,Vermis_10
6480,96,97,97,98,0.11138076710405687,0.11138076710405687,0.11138076710405687,1066,Cerebelum_4_5_L,Cerebelum_4_5_R
6481,96,98,97,99,-0.1296050022066741,0.1296050022066741,0.1296050022066741,827,Cerebelum_4_5_L,Cerebelum_6_L
6482,96,99,97,100,-0.09463327613315739,0.09463327613315739,0.09463327613315739,1347,Cerebelum_4_5_L,Cerebelum_6_R
6483,96,100,97,101,0.10761038406090653,0.10761038406090653,0.10761038406090653,1115,Cerebelum_4_5_L,Cerebelum_7b_L
6484,96,101,97,102,-0.05457180049482388,0.05457180049482388,0.05457180049482388,2415,Cerebelum_4_5_L,Cerebelum_7b_R
6485,96,102,97,103,0.04784827783634448,0.04784827783634448,0.04784827783634448,2670,Cerebelum_4_5_L,Cerebelum_8_L
6486,96,103,97,104,-0.09064926232165671,0.09064926232165671,0.09064926232165671,1427,Cerebelum_4_5_L,Cerebelum_8_R
6487,96,104,97,105,0.028070849320164865,0.028070849320164865,0.028070849320164865,3667,Cerebelum_4_5_L,Cerebelum_9_L
6488,96,105,97,106,-0.13479883853692662,0.13479883853692662,0.13479883853692662,772,Cerebelum_4_5_L,Cerebelum_9_R
6489,96,106,97,107,0.06147324359320868,0.06147324359320868,0.06147324359320868,2183,Cerebelum_4_5_L,Cerebelum_10_L
6490,96,107,97,108,-0.03485834738463033,0.03485834738463033,0.03485834738463033,3260,Cerebelum_4_5_L,Cerebelum_10_R
6491,96,108,97,109,0.05488504542088445,0.05488504542088445,0.05488504542088445,2402,Cerebelum_4_5_L,Vermis_1_2
6492,96,109,97,110,-0.029362170846534988,0.029362170846534988,0.029362170846534988,3599,Cerebelum_4_5_L,Vermis_3
6493,96,110,97,111,0.016119033919064205,0.016119033919064205,0.016119033919064205,4402,Cerebelum_4_5_L,Vermis_4_5
6494,96,111,97,112,-0.011652392824169161,0.011652392824169161,0.011652392824169161,4740,Cerebelum_4_5_L,Vermis_6
6495,96,112,97,113,-0.02382740318585516,0.02382740318585516,0.02382740318585516,3917,Cerebelum_4_5_L,Vermis_7
6496,96,113,97,114,0.013245909215889796,0.013245909215889796,0.013245909215889796,4616,Cerebelum_4_5_L,Vermis_8
6497,96,114,97,115,-0.02376699506090134,0.02376699506090134,0.02376699506090134,3921,Cerebelum_4_5_L,Vermis_9
6498,96,115,97,116,0.0021037681694606536,0.0021037681694606536,0.0021037681694606536,5414,Cerebelum_4_5_L,Vermis_10
6499,97,98,98,99,0.057578831835595506,0.057578831835595506,0.057578831835595506,2313,Cerebelum_4_5_R,Cerebelum_6_L
6500,97,99,98,100,0.057613194191060174,0.057613194191060174,0.057613194191060174,2310,Cerebelum_4_5_R,Cerebelum_6_R
6501,97,100,98,101,0.00986620313610949,0.00986620313610949,0.00986620313610949,4859,Cerebelum_4_5_R,Cerebelum_7b_L
6502,97,101,98,102,-0.18934512906807185,0.18934512906807185,0.18934512906807185,367,Cerebelum_4_5_R,Cerebelum_7b_R
6503,97,102,98,103,0.003847125757163467,0.003847125757163467,0.003847125757163467,5291,Cerebelum_4_5_R,Cerebelum_8_L
6504,97,103,98,104,-0.07718063867894992,0.07718063867894992,0.07718063867894992,1729,Cerebelum_4_5_R,Cerebelum_8_R
6505,97,104,98,105,0.08529309064909425,0.08529309064909425,0.08529309064909425,1535,Cerebelum_4_5_R,Cerebelum_9_L
6506,97,105,98,106,-0.05514611648278534,0.05514611648278534,0.05514611648278534,2391,Cerebelum_4_5_R,Cerebelum_9_R
6507,97,106,98,107,-0.14697524486504407,0.14697524486504407,0.14697524486504407,649,Cerebelum_4_5_R,Cerebelum_10_L
6508,97,107,98,108,-0.23348013149967461,0.23348013149967461,0.23348013149967461,208,Cerebelum_4_5_R,Cerebelum_10_R
6509,97,108,98,109,0.05627603828841081,0.05627603828841081,0.05627603828841081,2361,Cerebelum_4_5_R,Vermis_1_2
6510,97,109,98,110,0.03317066174813581,0.03317066174813581,0.03317066174813581,3363,Cerebelum_4_5_R,Vermis_3
6511,97,110,98,111,0.06645852956799927,0.06645852956799927,0.06645852956799927,2019,Cerebelum_4_5_R,Vermis_4_5
6512,97,111,98,112,-0.02693160262660013,0.02693160262660013,0.02693160262660013,3734,Cerebelum_4_5_R,Vermis_6
6513,97,112,98,113,0.026977821651741958,0.026977821651741958,0.026977821651741958,3732,Cerebelum_4_5_R,Vermis_7
6514,97,113,98,114,0.03927737247357604,0.03927737247357604,0.03927737247357604,3066,Cerebelum_4_5_R,Vermis_8
6515,97,114,98,115,-0.014430008868724021,0.014430008868724021,0.014430008868724021,4517,Cerebelum_4_5_R,Vermis_9
6516,97,115,98,116,0.03237997307943403,0.03237997307943403,0.03237997307943403,3409,Cerebelum_4_5_R,Vermis_10
6517,98,99,99,100,0.234411269342704,0.234411269342704,0.234411269342704,206,Cerebelum_6_L,Cerebelum_6_R
6518,98,100,99,101,-0.13306273343607777,0.13306273343607777,0.13306273343607777,790,Cerebelum_6_L,Cerebelum_7b_L
6519,98,101,99,102,0.10979686982852872,0.10979686982852872,0.10979686982852872,1088,Cerebelum_6_L,Cerebelum_7b_R
6520,98,102,99,103,-0.31470730292921867,0.31470730292921867,0.31470730292921867,62,Cerebelum_6_L,Cerebelum_8_L
6521,98,103,99,104,-0.11064821773522598,0.11064821773522598,0.11064821773522598,1074,Cerebelum_6_L,Cerebelum_8_R
6522,98,104,99,105,-0.11213877212244491,0.11213877212244491,0.11213877212244491,1057,Cerebelum_6_L,Cerebelum_9_L
6523,98,105,99,106,0.019124289085491204,0.019124289085491204,0.019124289085491204,4216,Cerebelum_6_L,Cerebelum_9_R
6524,98,106,99,107,-0.012376878183365933,0.012376878183365933,0.012376878183365933,4687,Cerebelum_6_L,Cerebelum_10_L
6525,98,107,99,108,0.0772092704704227,0.0772092704704227,0.0772092704704227,1728,Cerebelum_6_L,Cerebelum_10_R
6526,98,108,99,109,0.1162695165350825,0.1162695165350825,0.1162695165350825,988,Cerebelum_6_L,Vermis_1_2
6527,98,109,99,110,-0.018631107319295813,0.018631107319295813,0.018631107319295813,4244,Cerebelum_6_L,Vermis_3
6528,98,110,99,111,0.003307652036354181,0.003307652036354181,0.003307652036354181,5331,Cerebelum_6_L,Vermis_4_5
6529,98,111,99,112,-0.10171222653820142,0.10171222653820142,0.10171222653820142,1216,Cerebelum_6_L,Vermis_6
6530,98,112,99,113,-0.017566476042795806,0.017566476042795806,0.017566476042795806,4307,Cerebelum_6_L,Vermis_7
6531,98,113,99,114,-0.01379672035264194,0.01379672035264194,0.01379672035264194,4575,Cerebelum_6_L,Vermis_8
6532,98,114,99,115,0.046328728684703877,0.046328728684703877,0.046328728684703877,2734,Cerebelum_6_L,Vermis_9
6533,98,115,99,116,-0.07013062966282997,0.07013062966282997,0.07013062966282997,1902,Cerebelum_6_L,Vermis_10
6534,99,100,100,101,-0.03409356075003879,0.03409356075003879,0.03409356075003879,3306,Cerebelum_6_R,Cerebelum_7b_L
6535,99,101,100,102,0.19773397075005025,0.19773397075005025,0.19773397075005025,310,Cerebelum_6_R,Cerebelum_7b_R
6536,99,102,100,103,-0.021677488452677696,0.021677488452677696,0.021677488452677696,4070,Cerebelum_6_R,Cerebelum_8_L
6537,99,103,100,104,0.03459977285757186,0.03459977285757186,0.03459977285757186,3278,Cerebelum_6_R,Cerebelum_8_R
6538,99,104,100,105,0.027933828078282204,0.027933828078282204,0.027933828078282204,3676,Cerebelum_6_R,Cerebelum_9_L
6539,99,105,100,106,0.0012305162323314976,0.0012305162323314976,0.0012305162323314976,5490,Cerebelum_6_R,Cerebelum_9_R
6540,99,106,100,107,-0.014580450642071483,0.014580450642071483,0.014580450642071483,4505,Cerebelum_6_R,Cerebelum_10_L
6541,99,107,100,108,-0.11404973453467608,0.11404973453467608,0.11404973453467608,1022,Cerebelum_6_R,Cerebelum_10_R
6542,99,108,100,109,0.047156531598797284,0.047156531598797284,0.047156531598797284,2692,Cerebelum_6_R,Vermis_1_2
6543,99,109,100,110,-0.012667386050479209,0.012667386050479209,0.012667386050479209,4658,Cerebelum_6_R,Vermis_3
6544,99,110,100,111,-0.0047662316190409245,0.0047662316190409245,0.0047662316190409245,5214,Cerebelum_6_R,Vermis_4_5
6545,99,111,100,112,-0.03703191790737979,0.03703191790737979,0.03703191790737979,3162,Cerebelum_6_R,Vermis_6
6546,99,112,100,113,0.03749010071079402,0.03749010071079402,0.03749010071079402,3137,Cerebelum_6_R,Vermis_7
6547,99,113,100,114,0.052413932207173095,0.052413932207173095,0.052413932207173095,2490,Cerebelum_6_R,Vermis_8
6548,99,114,100,115,0.012997171102014163,0.012997171102014163,0.012997171102014163,4632,Cerebelum_6_R,Vermis_9
6549,99,115,100,116,-0.027351485600345584,0.027351485600345584,0.027351485600345584,3713,Cerebelum_6_R,Vermis_10
6550,100,101,101,102,0.1686372282799699,0.1686372282799699,0.1686372282799699,475,Cerebelum_7b_L,Cerebelum_7b_R
6551,100,102,101,103,0.04702267005194897,0.04702267005194897,0.04702267005194897,2705,Cerebelum_7b_L,Cerebelum_8_L
6552,100,103,101,104,0.04569335269663136,0.04569335269663136,0.04569335269663136,2761,Cerebelum_7b_L,Cerebelum_8_R
6553,100,104,101,105,0.027791869599269645,0.027791869599269645,0.027791869599269645,3685,Cerebelum_7b_L,Cerebelum_9_L
6554,100,105,101,106,0.004415222142420837,0.004415222142420837,0.004415222142420837,5239,Cerebelum_7b_L,Cerebelum_9_R
6555,100,106,101,107,0.1304840348395105,0.1304840348395105,0.1304840348395105,818,Cerebelum_7b_L,Cerebelum_10_L
6556,100,107,101,108,-0.10676939747001032,0.10676939747001032,0.10676939747001032,1132,Cerebelum_7b_L,Cerebelum_10_R
6557,100,108,101,109,0.07264349055504607,0.07264349055504607,0.07264349055504607,1833,Cerebelum_7b_L,Vermis_1_2
6558,100,109,101,110,0.040287673774329,0.040287673774329,0.040287673774329,3019,Cerebelum_7b_L,Vermis_3
6559,100,110,101,111,0.06659271843796939,0.06659271843796939,0.06659271843796939,2014,Cerebelum_7b_L,Vermis_4_5
6560,100,111,101,112,-0.08270115973052618,0.08270115973052618,0.08270115973052618,1596,Cerebelum_7b_L,Vermis_6
6561,100,112,101,113,0.01914054390460071,0.01914054390460071,0.01914054390460071,4214,Cerebelum_7b_L,Vermis_7
6562,100,113,101,114,-0.0144221877014046,0.0144221877014046,0.0144221877014046,4518,Cerebelum_7b_L,Vermis_8
6563,100,114,101,115,0.030317777049288088,0.030317777049288088,0.030317777049288088,3541,Cerebelum_7b_L,Vermis_9
6564,100,115,101,116,-0.0525966784233308,0.0525966784233308,0.0525966784233308,2480,Cerebelum_7b_L,Vermis_10
6565,101,102,102,103,0.012367842443628202,0.012367842443628202,0.012367842443628202,4688,Cerebelum_7b_R,Cerebelum_8_L
6566,101,103,102,104,-0.1901552578903542,0.1901552578903542,0.1901552578903542,357,Cerebelum_7b_R,Cerebelum_8_R
6567,101,104,102,105,0.0890874389589045,0.0890874389589045,0.0890874389589045,1458,Cerebelum_7b_R,Cerebelum_9_L
6568,101,105,102,106,0.04872702027915836,0.04872702027915836,0.04872702027915836,2635,Cerebelum_7b_R,Cerebelum_9_R
6569,101,106,102,107,0.32577831437205057,0.32577831437205057,0.32577831437205057,54,Cerebelum_7b_R,Cerebelum_10_L
6570,101,107,102,108,-0.18934369384132824,0.18934369384132824,0.18934369384132824,368,Cerebelum_7b_R,Cerebelum_10_R
6571,101,108,102,109,0.06580940243266031,0.06580940243266031,0.06580940243266031,2043,Cerebelum_7b_R,Vermis_1_2
6572,101,109,102,110,-0.06092462813857275,0.06092462813857275,0.06092462813857275,2203,Cerebelum_7b_R,Vermis_3
6573,101,110,102,111,0.06095301343338894,0.06095301343338894,0.06095301343338894,2202,Cerebelum_7b_R,Vermis_4_5
6574,101,111,102,112,-0.0736352371406575,0.0736352371406575,0.0736352371406575,1812,Cerebelum_7b_R,Vermis_6
6575,101,112,102,113,0.0730840704031702,0.0730840704031702,0.0730840704031702,1822,Cerebelum_7b_R,Vermis_7
6576,101,113,102,114,-0.08017689464222738,0.08017689464222738,0.08017689464222738,1651,Cerebelum_7b_R,Vermis_8
6577,101,114,102,115,0.008423955532641372,0.008423955532641372,0.008423955532641372,4956,Cerebelum_7b_R,Vermis_9
6578,101,115,102,116,-0.0012975277921193553,0.0012975277921193553,0.0012975277921193553,5486,Cerebelum_7b_R,Vermis_10
6579,102,103,103,104,-0.07823704396366388,0.07823704396366388,0.07823704396366388,1697,Cerebelum_8_L,Cerebelum_8_R
6580,102,104,103,105,0.15270993795989382,0.15270993795989382,0.15270993795989382,598,Cerebelum_8_L,Cerebelum_9_L
6581,102,105,103,106,0.03616434501417861,0.03616434501417861,0.03616434501417861,3198,Cerebelum_8_L,Cerebelum_9_R
6582,102,106,103,107,-0.03996816876578742,0.03996816876578742,0.03996816876578742,3030,Cerebelum_8_L,Cerebelum_10_L
6583,102,107,103,108,-0.03540071155214064,0.03540071155214064,0.03540071155214064,3231,Cerebelum_8_L,Cerebelum_10_R
6584,102,108,103,109,0.08219382244567672,0.08219382244567672,0.08219382244567672,1604,Cerebelum_8_L,Vermis_1_2
6585,102,109,103,110,-0.008695641082283203,0.008695641082283203,0.008695641082283203,4938,Cerebelum_8_L,Vermis_3
6586,102,110,103,111,0.006651109253548015,0.006651109253548015,0.006651109253548015,5074,Cerebelum_8_L,Vermis_4_5
6587,102,111,103,112,-0.018875207670780037,0.018875207670780037,0.018875207670780037,4231,Cerebelum_8_L,Vermis_6
6588,102,112,103,113,0.02305302039794377,0.02305302039794377,0.02305302039794377,3971,Cerebelum_8_L,Vermis_7
6589,102,113,103,114,0.03515779369694186,0.03515779369694186,0.03515779369694186,3245,Cerebelum_8_L,Vermis_8
6590,102,114,103,115,0.017689481098974166,0.017689481098974166,0.017689481098974166,4297,Cerebelum_8_L,Vermis_9
6591,102,115,103,116,-0.05423233127648717,0.05423233127648717,0.05423233127648717,2426,Cerebelum_8_L,Vermis_10
6592,103,104,104,105,-0.0055076141386894446,0.0055076141386894446,0.0055076141386894446,5157,Cerebelum_8_R,Cerebelum_9_L
6593,103,105,104,106,-0.05203606870931283,0.05203606870931283,0.05203606870931283,2505,Cerebelum_8_R,Cerebelum_9_R
6594,103,106,104,107,0.0416955252142317,0.0416955252142317,0.0416955252142317,2935,Cerebelum_8_R,Cerebelum_10_L
6595,103,107,104,108,-0.25241043831114,0.25241043831114,0.25241043831114,146,Cerebelum_8_R,Cerebelum_10_R
6596,103,108,104,109,0.06671706822525864,0.06671706822525864,0.06671706822525864,2010,Cerebelum_8_R,Vermis_1_2
6597,103,109,104,110,-0.04311958714166261,0.04311958714166261,0.04311958714166261,2865,Cerebelum_8_R,Vermis_3
6598,103,110,104,111,-0.010326496160734703,0.010326496160734703,0.010326496160734703,4823,Cerebelum_8_R,Vermis_4_5
6599,103,111,104,112,-0.05851381384392377,0.05851381384392377,0.05851381384392377,2276,Cerebelum_8_R,Vermis_6
6600,103,112,104,113,0.032314629880949415,0.032314629880949415,0.032314629880949415,3411,Cerebelum_8_R,Vermis_7
6601,103,113,104,114,0.04785199836017363,0.04785199836017363,0.04785199836017363,2668,Cerebelum_8_R,Vermis_8
6602,103,114,104,115,0.03803003436927827,0.03803003436927827,0.03803003436927827,3116,Cerebelum_8_R,Vermis_9
6603,103,115,104,116,-0.04039809782739449,0.04039809782739449,0.04039809782739449,3007,Cerebelum_8_R,Vermis_10
6604,104,105,105,106,-0.0257716823739022,0.0257716823739022,0.0257716823739022,3803,Cerebelum_9_L,Cerebelum_9_R
6605,104,106,105,107,0.00695765166558111,0.00695765166558111,0.00695765166558111,5052,Cerebelum_9_L,Cerebelum_10_L
6606,104,107,105,108,0.03324010464204771,0.03324010464204771,0.03324010464204771,3360,Cerebelum_9_L,Cerebelum_10_R
6607,104,108,105,109,-0.010433173375759398,0.010433173375759398,0.010433173375759398,4814,Cerebelum_9_L,Vermis_1_2
6608,104,109,105,110,0.019092729339464935,0.019092729339464935,0.019092729339464935,4219,Cerebelum_9_L,Vermis_3
6609,104,110,105,111,0.07640058432064398,0.07640058432064398,0.07640058432064398,1748,Cerebelum_9_L,Vermis_4_5
6610,104,111,105,112,0.008358594204550098,0.008358594204550098,0.008358594204550098,4963,Cerebelum_9_L,Vermis_6
6611,104,112,105,113,0.031277558036282654,0.031277558036282654,0.031277558036282654,3474,Cerebelum_9_L,Vermis_7
6612,104,113,105,114,-0.04199528770738545,0.04199528770738545,0.04199528770738545,2913,Cerebelum_9_L,Vermis_8
6613,104,114,105,115,-0.027820797544781933,0.027820797544781933,0.027820797544781933,3682,Cerebelum_9_L,Vermis_9
6614,104,115,105,116,0.11685793682510887,0.11685793682510887,0.11685793682510887,980,Cerebelum_9_L,Vermis_10
6615,105,106,106,107,0.08189265252137552,0.08189265252137552,0.08189265252137552,1611,Cerebelum_9_R,Cerebelum_10_L
6616,105,107,106,108,-0.09715994681633147,0.09715994681633147,0.09715994681633147,1298,Cerebelum_9_R,Cerebelum_10_R
6617,105,108,106,109,0.026721711156886954,0.026721711156886954,0.026721711156886954,3747,Cerebelum_9_R,Vermis_1_2
6618,105,109,106,110,-0.03048130353637841,0.03048130353637841,0.03048130353637841,3532,Cerebelum_9_R,Vermis_3
6619,105,110,106,111,0.045088668510175796,0.045088668510175796,0.045088668510175796,2780,Cerebelum_9_R,Vermis_4_5
6620,105,111,106,112,-0.05828498081253139,0.05828498081253139,0.05828498081253139,2284,Cerebelum_9_R,Vermis_6
6621,105,112,106,113,-0.030605815608323296,0.030605815608323296,0.030605815608323296,3522,Cerebelum_9_R,Vermis_7
6622,105,113,106,114,-0.028217080656835692,0.028217080656835692,0.028217080656835692,3655,Cerebelum_9_R,Vermis_8
6623,105,114,106,115,-0.02523755134218779,0.02523755134218779,0.02523755134218779,3830,Cerebelum_9_R,Vermis_9
6624,105,115,106,116,0.033399565986344464,0.033399565986344464,0.033399565986344464,3347,Cerebelum_9_R,Vermis_10
6625,106,107,107,108,-0.22071712561521406,0.22071712561521406,0.22071712561521406,240,Cerebelum_10_L,Cerebelum_10_R
6626,106,108,107,109,-0.08352987099383707,0.08352987099383707,0.08352987099383707,1574,Cerebelum_10_L,Vermis_1_2
6627,106,109,107,110,-0.035324013478725574,0.035324013478725574,0.035324013478725574,3237,Cerebelum_10_L,Vermis_3
6628,106,110,107,111,0.006570754616323913,0.006570754616323913,0.006570754616323913,5082,Cerebelum_10_L,Vermis_4_5
6629,106,111,107,112,0.031135884886398513,0.031135884886398513,0.031135884886398513,3483,Cerebelum_10_L,Vermis_6
6630,106,112,107,113,-0.003265114961607581,0.003265114961607581,0.003265114961607581,5335,Cerebelum_10_L,Vermis_7
6631,106,113,107,114,-0.08493805331437305,0.08493805331437305,0.08493805331437305,1546,Cerebelum_10_L,Vermis_8
6632,106,114,107,115,-0.034762616593779765,0.034762616593779765,0.034762616593779765,3265,Cerebelum_10_L,Vermis_9
6633,106,115,107,116,0.11093443501986121,0.11093443501986121,0.11093443501986121,1070,Cerebelum_10_L,Vermis_10
6634,107,108,108,109,-0.043643590082850174,0.043643590082850174,0.043643590082850174,2847,Cerebelum_10_R,Vermis_1_2
6635,107,109,108,110,-0.05180588072151896,0.05180588072151896,0.05180588072151896,2514,Cerebelum_10_R,Vermis_3
6636,107,110,108,111,-0.05435548539459573,0.05435548539459573,0.05435548539459573,2421,Cerebelum_10_R,Vermis_4_5
6637,107,111,108,112,-0.23581441545177803,0.23581441545177803,0.23581441545177803,198,Cerebelum_10_R,Vermis_6
6638,107,112,108,113,-0.012276100222834445,0.012276100222834445,0.012276100222834445,4695,Cerebelum_10_R,Vermis_7
6639,107,113,108,114,-0.077296056690155,0.077296056690155,0.077296056690155,1725,Cerebelum_10_R,Vermis_8
6640,107,114,108,115,-0.0015738255941147522,0.0015738255941147522,0.0015738255941147522,5463,Cerebelum_10_R,Vermis_9
6641,107,115,108,116,0.1431159656378042,0.1431159656378042,0.1431159656378042,697,Cerebelum_10_R,Vermis_10
6642,108,109,109,110,-0.03032030835477264,0.03032030835477264,0.03032030835477264,3540,Vermis_1_2,Vermis_3
6643,108,110,109,111,0.02465799256140847,0.02465799256140847,0.02465799256140847,3861,Vermis_1_2,Vermis_4_5
6644,108,111,109,112,0.03156151104065465,0.03156151104065465,0.03156151104065465,3457,Vermis_1_2,Vermis_6
6645,108,112,109,113,0.00755212204801776,0.00755212204801776,0.00755212204801776,5015,Vermis_1_2,Vermis_7
6646,108,113,109,114,-0.045378950781042406,0.045378950781042406,0.045378950781042406,2770,Vermis_1_2,Vermis_8
6647,108,114,109,115,0.017509469197367924,0.017509469197367924,0.017509469197367924,4311,Vermis_1_2,Vermis_9
6648,108,115,109,116,-0.021659950780697865,0.021659950780697865,0.021659950780697865,4073,Vermis_1_2,Vermis_10
6649,109,110,110,111,0.00018817758462687587,0.00018817758462687587,0.00018817758462687587,6655,Vermis_3,Vermis_4_5
6650,109,111,110,112,-0.00159406645955567,0.00159406645955567,0.00159406645955567,5459,Vermis_3,Vermis_6
6651,109,112,110,113,-0.021492850993333694,0.021492850993333694,0.021492850993333694,4087,Vermis_3,Vermis_7
6652,109,113,110,114,-0.003631843794431323,0.003631843794431323,0.003631843794431323,5306,Vermis_3,Vermis_8
6653,109,114,110,115,-0.02124844164136634,0.02124844164136634,0.02124844164136634,4095,Vermis_3,Vermis_9
6654,109,115,110,116,0.03079163928463759,0.03079163928463759,0.03079163928463759,3509,Vermis_3,Vermis_10
6655,110,111,111,112,-0.01577756196233887,0.01577756196233887,0.01577756196233887,4433,Vermis_4_5,Vermis_6
6656,110,112,111,113,-0.0043083128467230275,0.0043083128467230275,0.0043083128467230275,5246,Vermis_4_5,Vermis_7
6657,110,113,111,114,-0.034391446791583846,0.034391446791583846,0.034391446791583846,3287,Vermis_4_5,Vermis_8
6658,110,114,111,115,-0.005612117953597413,0.005612117953597413,0.005612117953597413,5139,Vermis_4_5,Vermis_9
6659,110,115,111,116,-0.01936863193450274,0.01936863193450274,0.01936863193450274,4203,Vermis_4_5,Vermis_10
6660,111,112,112,113,0.021757886788936406,0.021757886788936406,0.021757886788936406,4064,Vermis_6,Vermis_7
6661,111,113,112,114,0.02435569254231896,0.02435569254231896,0.02435569254231896,3889,Vermis_6,Vermis_8
6662,111,114,112,115,-0.01635721548332484,0.01635721548332484,0.01635721548332484,4385,Vermis_6,Vermis_9
6663,111,115,112,116,0.008519864199758857,0.008519864199758857,0.008519864199758857,4949,Vermis_6,Vermis_10
6664,112,113,113,114,0.06247104111798355,0.06247104111798355,0.06247104111798355,2141,Vermis_7,Vermis_8
6665,112,114,113,115,-0.004343391804302457,0.004343391804302457,0.004343391804302457,5245,Vermis_7,Vermis_9
6666,112,115,113,116,0.01693344387019707,0.01693344387019707,0.01693344387019707,4340,Vermis_7,Vermis_10
6667,113,114,114,115,-0.008176368123378564,0.008176368123378564,0.008176368123378564,4979,Vermis_8,Vermis_9
6668,113,115,114,116,-0.006591589496844318,0.006591589496844318,0.006591589496844318,5081,Vermis_8,Vermis_10
6669,114,115,115,116,0.013565997168816266,0.013565997168816266,0.013565997168816266,4593,Vermis_9,Vermis_10
